the number of points per synthesis =   1801
start =  10100.000     stop =  10280.000     step =      0.100
 10100.000     1.00000
 10100.100     1.00000
 10100.200     1.00000
 10100.300     1.00000
 10100.400     1.00000
 10100.500     0.99908
 10100.600     0.99954
 10100.700     0.99983
 10100.800     0.99995
 10100.900     0.99998
 10101.000     0.99991
 10101.100     0.99961
 10101.200     0.99858
 10101.300     0.99583
 10101.400     0.99053
 10101.500     0.98391
 10101.600     0.98004
 10101.700     0.98206
 10101.800     0.98820
 10101.900     0.99395
 10102.000     0.99703
 10102.100     0.99818
 10102.200     0.99876
 10102.300     0.99927
 10102.400     0.99964
 10102.500     0.99981
 10102.600     0.99981
 10102.700     0.99963
 10102.800     0.99917
 10102.900     0.99818
 10103.000     0.99568
 10103.100     0.98891
 10103.200     0.97508
 10103.300     0.95748
 10103.400     0.94743
 10103.500     0.95319
 10103.600     0.96894
 10103.700     0.98154
 10103.800     0.98480
 10103.900     0.98197
 10104.000     0.97859
 10104.100     0.97760
 10104.200     0.97985
 10104.300     0.98482
 10104.400     0.99029
 10104.500     0.99427
 10104.600     0.99657
 10104.700     0.99771
 10104.800     0.99796
 10104.900     0.99747
 10105.000     0.99627
 10105.100     0.99369
 10105.200     0.98887
 10105.300     0.98174
 10105.400     0.97269
 10105.500     0.96292
 10105.600     0.95671
 10105.700     0.95950
 10105.800     0.97051
 10105.900     0.98251
 10106.000     0.99044
 10106.100     0.99478
 10106.200     0.99736
 10106.300     0.99883
 10106.400     0.99947
 10106.500     0.99972
 10106.600     0.99985
 10106.700     0.99993
 10106.800     0.99997
 10106.900     0.99998
 10107.000     0.99996
 10107.100     0.99994
 10107.200     0.99992
 10107.300     0.99989
 10107.400     0.99982
 10107.500     0.99955
 10107.600     0.99883
 10107.700     0.99768
 10107.800     0.99670
 10107.900     0.99671
 10108.000     0.99770
 10108.100     0.99885
 10108.200     0.99953
 10108.300     0.99972
 10108.400     0.99966
 10108.500     0.99937
 10108.600     0.99843
 10108.700     0.99635
 10108.800     0.99361
 10108.900     0.99196
 10109.000     0.99272
 10109.100     0.99501
 10109.200     0.99699
 10109.300     0.99805
 10109.400     0.99869
 10109.500     0.99925
 10109.600     0.99964
 10109.700     0.99978
 10109.800     0.99968
 10109.900     0.99948
 10110.000     0.99936
 10110.100     0.99934
 10110.200     0.99923
 10110.300     0.99881
 10110.400     0.99825
 10110.500     0.99804
 10110.600     0.99833
 10110.700     0.99877
 10110.800     0.99902
 10110.900     0.99914
 10111.000     0.99925
 10111.100     0.99921
 10111.200     0.99865
 10111.300     0.99671
 10111.400     0.99130
 10111.500     0.98013
 10111.600     0.96528
 10111.700     0.95562
 10111.800     0.95887
 10111.900     0.97195
 10112.000     0.98529
 10112.100     0.99329
 10112.200     0.99608
 10112.300     0.99524
 10112.400     0.99201
 10112.500     0.98820
 10112.600     0.98635
 10112.700     0.98753
 10112.800     0.98962
 10112.900     0.98837
 10113.000     0.98027
 10113.100     0.96698
 10113.200     0.95757
 10113.300     0.96053
 10113.400     0.97331
 10113.500     0.98530
 10113.600     0.98811
 10113.700     0.97623
 10113.800     0.94518
 10113.900     0.90128
 10114.000     0.86955
 10114.100     0.87385
 10114.200     0.90976
 10114.300     0.95156
 10114.400     0.98007
 10114.500     0.99325
 10114.600     0.99752
 10114.700     0.99835
 10114.800     0.99794
 10114.900     0.99675
 10115.000     0.99537
 10115.100     0.99496
 10115.200     0.99599
 10115.300     0.99758
 10115.400     0.99862
 10115.500     0.99883
 10115.600     0.99853
 10115.700     0.99812
 10115.800     0.99769
 10115.900     0.99660
 10116.000     0.99408
 10116.100     0.99079
 10116.200     0.98910
 10116.300     0.99061
 10116.400     0.99411
 10116.500     0.99717
 10116.600     0.99874
 10116.700     0.99916
 10116.800     0.99911
 10116.900     0.99902
 10117.000     0.99915
 10117.100     0.99942
 10117.200     0.99967
 10117.300     0.99979
 10117.400     0.99973
 10117.500     0.99947
 10117.600     0.99896
 10117.700     0.99836
 10117.800     0.99806
 10117.900     0.99825
 10118.000     0.99840
 10118.100     0.99726
 10118.200     0.99322
 10118.300     0.98593
 10118.400     0.97871
 10118.500     0.97711
 10118.600     0.98262
 10118.700     0.99064
 10118.800     0.99619
 10118.900     0.99821
 10119.000     0.99802
 10119.100     0.99713
 10119.200     0.99646
 10119.300     0.99603
 10119.400     0.99524
 10119.500     0.99437
 10119.600     0.99452
 10119.700     0.99596
 10119.800     0.99766
 10119.900     0.99849
 10120.000     0.99753
 10120.100     0.99261
 10120.200     0.98071
 10120.300     0.96316
 10120.400     0.94987
 10120.500     0.95100
 10120.600     0.96349
 10120.700     0.97433
 10120.800     0.97697
 10120.900     0.97600
 10121.000     0.97647
 10121.100     0.97747
 10121.200     0.97792
 10121.300     0.98037
 10121.400     0.98615
 10121.500     0.99261
 10121.600     0.99689
 10121.700     0.99878
 10121.800     0.99941
 10121.900     0.99960
 10122.000     0.99962
 10122.100     0.99953
 10122.200     0.99944
 10122.300     0.99941
 10122.400     0.99943
 10122.500     0.99941
 10122.600     0.99930
 10122.700     0.99915
 10122.800     0.99895
 10122.900     0.99862
 10123.000     0.99812
 10123.100     0.99763
 10123.200     0.99713
 10123.300     0.99606
 10123.400     0.99327
 10123.500     0.98714
 10123.600     0.97637
 10123.700     0.96230
 10123.800     0.95086
 10123.900     0.94914
 10124.000     0.95852
 10124.100     0.97301
 10124.200     0.98542
 10124.300     0.99283
 10124.400     0.99616
 10124.500     0.99708
 10124.600     0.99637
 10124.700     0.99417
 10124.800     0.99115
 10124.900     0.98917
 10125.000     0.98981
 10125.100     0.99258
 10125.200     0.99560
 10125.300     0.99767
 10125.400     0.99867
 10125.500     0.99890
 10125.600     0.99864
 10125.700     0.99826
 10125.800     0.99798
 10125.900     0.99739
 10126.000     0.99565
 10126.100     0.99228
 10126.200     0.98793
 10126.300     0.98451
 10126.400     0.98426
 10126.500     0.98770
 10126.600     0.99270
 10126.700     0.99666
 10126.800     0.99869
 10126.900     0.99939
 10127.000     0.99954
 10127.100     0.99954
 10127.200     0.99947
 10127.300     0.99933
 10127.400     0.99918
 10127.500     0.99890
 10127.600     0.99804
 10127.700     0.99584
 10127.800     0.99164
 10127.900     0.98512
 10128.000     0.97599
 10128.100     0.96430
 10128.200     0.95290
 10128.300     0.94839
 10128.400     0.95553
 10128.500     0.97088
 10128.600     0.98568
 10128.700     0.99433
 10128.800     0.99710
 10128.900     0.99634
 10129.000     0.99403
 10129.100     0.99225
 10129.200     0.99264
 10129.300     0.99484
 10129.400     0.99722
 10129.500     0.99877
 10129.600     0.99952
 10129.700     0.99984
 10129.800     0.99996
 10129.900     0.99999
 10130.000     1.00000
 10130.100     1.00000
 10130.200     1.00000
 10130.300     1.00000
 10130.400     0.99999
 10130.500     0.99998
 10130.600     0.99993
 10130.700     0.99982
 10130.800     0.99954
 10130.900     0.99888
 10131.000     0.99721
 10131.100     0.99350
 10131.200     0.98762
 10131.300     0.98217
 10131.400     0.98113
 10131.500     0.98539
 10131.600     0.99158
 10131.700     0.99612
 10131.800     0.99826
 10131.900     0.99904
 10132.000     0.99930
 10132.100     0.99935
 10132.200     0.99921
 10132.300     0.99869
 10132.400     0.99738
 10132.500     0.99533
 10132.600     0.99372
 10132.700     0.99386
 10132.800     0.99557
 10132.900     0.99745
 10133.000     0.99854
 10133.100     0.99886
 10133.200     0.99878
 10133.300     0.99859
 10133.400     0.99857
 10133.500     0.99881
 10133.600     0.99911
 10133.700     0.99904
 10133.800     0.99795
 10133.900     0.99464
 10134.000     0.98808
 10134.100     0.98000
 10134.200     0.97561
 10134.300     0.97856
 10134.400     0.98615
 10134.500     0.99270
 10134.600     0.99509
 10134.700     0.99254
 10134.800     0.98434
 10134.900     0.97196
 10135.000     0.96182
 10135.100     0.96066
 10135.200     0.96852
 10135.300     0.97981
 10135.400     0.98922
 10135.500     0.99440
 10135.600     0.99552
 10135.700     0.99414
 10135.800     0.99244
 10135.900     0.99223
 10136.000     0.99370
 10136.100     0.99538
 10136.200     0.99501
 10136.300     0.99023
 10136.400     0.98045
 10136.500     0.97022
 10136.600     0.96717
 10136.700     0.97274
 10136.800     0.97847
 10136.900     0.97566
 10137.000     0.96613
 10137.100     0.96093
 10137.200     0.96726
 10137.300     0.98031
 10137.400     0.99120
 10137.500     0.99675
 10137.600     0.99865
 10137.700     0.99884
 10137.800     0.99791
 10137.900     0.99571
 10138.000     0.99255
 10138.100     0.99018
 10138.200     0.99055
 10138.300     0.99332
 10138.400     0.99627
 10138.500     0.99792
 10138.600     0.99843
 10138.700     0.99846
 10138.800     0.99836
 10138.900     0.99813
 10139.000     0.99775
 10139.100     0.99756
 10139.200     0.99794
 10139.300     0.99872
 10139.400     0.99940
 10139.500     0.99973
 10139.600     0.99976
 10139.700     0.99969
 10139.800     0.99965
 10139.900     0.99971
 10140.000     0.99975
 10140.100     0.99963
 10140.200     0.99927
 10140.300     0.99879
 10140.400     0.99853
 10140.500     0.99869
 10140.600     0.99908
 10140.700     0.99928
 10140.800     0.99898
 10140.900     0.99792
 10141.000     0.99569
 10141.100     0.99224
 10141.200     0.98839
 10141.300     0.98536
 10141.400     0.98428
 10141.500     0.98611
 10141.600     0.99043
 10141.700     0.99497
 10141.800     0.99784
 10141.900     0.99900
 10142.000     0.99922
 10142.100     0.99879
 10142.200     0.99710
 10142.300     0.99198
 10142.400     0.98034
 10142.500     0.96156
 10142.600     0.94027
 10142.700     0.92408
 10142.800     0.92021
 10142.900     0.93231
 10143.000     0.95478
 10143.100     0.97428
 10143.200     0.98100
 10143.300     0.97547
 10143.400     0.96684
 10143.500     0.96512
 10143.600     0.97134
 10143.700     0.97727
 10143.800     0.97726
 10143.900     0.97525
 10144.000     0.97776
 10144.100     0.98487
 10144.200     0.99175
 10144.300     0.99544
 10144.400     0.99650
 10144.500     0.99638
 10144.600     0.99583
 10144.700     0.99490
 10144.800     0.99323
 10144.900     0.98967
 10145.000     0.98092
 10145.100     0.95992
 10145.200     0.91623
 10145.300     0.84323
 10145.400     0.75285
 10145.500     0.68416
 10145.600     0.68026
 10145.700     0.74520
 10145.800     0.83748
 10145.900     0.91265
 10146.000     0.95663
 10146.100     0.97797
 10146.200     0.98766
 10146.300     0.99204
 10146.400     0.99408
 10146.500     0.99494
 10146.600     0.99474
 10146.700     0.99327
 10146.800     0.99100
 10146.900     0.98966
 10147.000     0.99071
 10147.100     0.99344
 10147.200     0.99587
 10147.300     0.99692
 10147.400     0.99677
 10147.500     0.99577
 10147.600     0.99408
 10147.700     0.99228
 10147.800     0.99171
 10147.900     0.99322
 10148.000     0.99591
 10148.100     0.99816
 10148.200     0.99934
 10148.300     0.99974
 10148.400     0.99982
 10148.500     0.99976
 10148.600     0.99946
 10148.700     0.99840
 10148.800     0.99553
 10148.900     0.99041
 10149.000     0.98511
 10149.100     0.98356
 10149.200     0.98709
 10149.300     0.99235
 10149.400     0.99469
 10149.500     0.99072
 10149.600     0.97895
 10149.700     0.96333
 10149.800     0.95453
 10149.900     0.96015
 10150.000     0.97516
 10150.100     0.98873
 10150.200     0.99602
 10150.300     0.99872
 10150.400     0.99955
 10150.500     0.99979
 10150.600     0.99985
 10150.700     0.99984
 10150.800     0.99977
 10150.900     0.99953
 10151.000     0.99879
 10151.100     0.99677
 10151.200     0.99299
 10151.300     0.98876
 10151.400     0.98709
 10151.500     0.98938
 10151.600     0.99357
 10151.700     0.99684
 10151.800     0.99838
 10151.900     0.99872
 10152.000     0.99829
 10152.100     0.99741
 10152.200     0.99677
 10152.300     0.99696
 10152.400     0.99771
 10152.500     0.99821
 10152.600     0.99800
 10152.700     0.99718
 10152.800     0.99573
 10152.900     0.99274
 10153.000     0.98534
 10153.100     0.97065
 10153.200     0.95197
 10153.300     0.93988
 10153.400     0.94074
 10153.500     0.94861
 10153.600     0.95455
 10153.700     0.95680
 10153.800     0.95966
 10153.900     0.96751
 10154.000     0.97941
 10154.100     0.99009
 10154.200     0.99615
 10154.300     0.99840
 10154.400     0.99900
 10154.500     0.99906
 10154.600     0.99839
 10154.700     0.99517
 10154.800     0.98403
 10154.900     0.95596
 10155.000     0.90978
 10155.100     0.86786
 10155.200     0.86323
 10155.300     0.90019
 10155.400     0.94829
 10155.500     0.98000
 10155.600     0.99212
 10155.700     0.99337
 10155.800     0.99041
 10155.900     0.98592
 10156.000     0.98080
 10156.100     0.97467
 10156.200     0.96355
 10156.300     0.94115
 10156.400     0.91153
 10156.500     0.89558
 10156.600     0.90965
 10156.700     0.94361
 10156.800     0.97444
 10156.900     0.99128
 10157.000     0.99748
 10157.100     0.99917
 10157.200     0.99956
 10157.300     0.99969
 10157.400     0.99977
 10157.500     0.99983
 10157.600     0.99986
 10157.700     0.99988
 10157.800     0.99989
 10157.900     0.99990
 10158.000     0.99988
 10158.100     0.99983
 10158.200     0.99973
 10158.300     0.99959
 10158.400     0.99946
 10158.500     0.99940
 10158.600     0.99941
 10158.700     0.99941
 10158.800     0.99937
 10158.900     0.99932
 10159.000     0.99936
 10159.100     0.99950
 10159.200     0.99967
 10159.300     0.99980
 10159.400     0.99987
 10159.500     0.99989
 10159.600     0.99990
 10159.700     0.99990
 10159.800     0.99990
 10159.900     0.99989
 10160.000     0.99988
 10160.100     0.99984
 10160.200     0.99976
 10160.300     0.99955
 10160.400     0.99917
 10160.500     0.99861
 10160.600     0.99811
 10160.700     0.99795
 10160.800     0.99820
 10160.900     0.99868
 10161.000     0.99914
 10161.100     0.99939
 10161.200     0.99931
 10161.300     0.99878
 10161.400     0.99753
 10161.500     0.99493
 10161.600     0.99005
 10161.700     0.98207
 10161.800     0.97151
 10161.900     0.96191
 10162.000     0.95905
 10162.100     0.96550
 10162.200     0.97730
 10162.300     0.98816
 10162.400     0.99484
 10162.500     0.99787
 10162.600     0.99904
 10162.700     0.99954
 10162.800     0.99975
 10162.900     0.99975
 10163.000     0.99961
 10163.100     0.99944
 10163.200     0.99939
 10163.300     0.99947
 10163.400     0.99954
 10163.500     0.99952
 10163.600     0.99949
 10163.700     0.99952
 10163.800     0.99942
 10163.900     0.99864
 10164.000     0.99652
 10164.100     0.99314
 10164.200     0.99033
 10164.300     0.99025
 10164.400     0.99272
 10164.500     0.99500
 10164.600     0.99398
 10164.700     0.98764
 10164.800     0.97692
 10164.900     0.96793
 10165.000     0.96808
 10165.100     0.97733
 10165.200     0.98828
 10165.300     0.99510
 10165.400     0.99777
 10165.500     0.99860
 10165.600     0.99902
 10165.700     0.99939
 10165.800     0.99967
 10165.900     0.99983
 10166.000     0.99988
 10166.100     0.99989
 10166.200     0.99986
 10166.300     0.99974
 10166.400     0.99950
 10166.500     0.99915
 10166.600     0.99875
 10166.700     0.99833
 10166.800     0.99788
 10166.900     0.99703
 10167.000     0.99390
 10167.100     0.98250
 10167.200     0.95251
 10167.300     0.90160
 10167.400     0.85317
 10167.500     0.84434
 10167.600     0.88297
 10167.700     0.93728
 10167.800     0.97535
 10167.900     0.99152
 10168.000     0.99523
 10168.100     0.99507
 10168.200     0.99516
 10168.300     0.99646
 10168.400     0.99805
 10168.500     0.99908
 10168.600     0.99952
 10168.700     0.99971
 10168.800     0.99981
 10168.900     0.99986
 10169.000     0.99988
 10169.100     0.99985
 10169.200     0.99974
 10169.300     0.99952
 10169.400     0.99908
 10169.500     0.99805
 10169.600     0.99534
 10169.700     0.98975
 10169.800     0.98249
 10169.900     0.97830
 10170.000     0.98085
 10170.100     0.98772
 10170.200     0.99335
 10170.300     0.99509
 10170.400     0.99438
 10170.500     0.99397
 10170.600     0.99500
 10170.700     0.99620
 10170.800     0.99584
 10170.900     0.99400
 10171.000     0.99252
 10171.100     0.99260
 10171.200     0.99272
 10171.300     0.99051
 10171.400     0.98648
 10171.500     0.98415
 10171.600     0.98488
 10171.700     0.98519
 10171.800     0.98220
 10171.900     0.97887
 10172.000     0.98016
 10172.100     0.98587
 10172.200     0.99049
 10172.300     0.98861
 10172.400     0.97902
 10172.500     0.96714
 10172.600     0.96263
 10172.700     0.96953
 10172.800     0.98145
 10172.900     0.98951
 10173.000     0.98985
 10173.100     0.98272
 10173.200     0.97131
 10173.300     0.96271
 10173.400     0.96384
 10173.500     0.97407
 10173.600     0.98609
 10173.700     0.99399
 10173.800     0.99707
 10173.900     0.99750
 10174.000     0.99744
 10174.100     0.99791
 10174.200     0.99876
 10174.300     0.99942
 10174.400     0.99965
 10174.500     0.99957
 10174.600     0.99940
 10174.700     0.99932
 10174.800     0.99942
 10174.900     0.99957
 10175.000     0.99953
 10175.100     0.99903
 10175.200     0.99757
 10175.300     0.99472
 10175.400     0.99120
 10175.500     0.98931
 10175.600     0.99047
 10175.700     0.99341
 10175.800     0.99598
 10175.900     0.99742
 10176.000     0.99818
 10176.100     0.99874
 10176.200     0.99922
 10176.300     0.99956
 10176.400     0.99970
 10176.500     0.99965
 10176.600     0.99929
 10176.700     0.99827
 10176.800     0.99623
 10176.900     0.99360
 10177.000     0.99186
 10177.100     0.99230
 10177.200     0.99451
 10177.300     0.99692
 10177.400     0.99852
 10177.500     0.99930
 10177.600     0.99962
 10177.700     0.99976
 10177.800     0.99984
 10177.900     0.99987
 10178.000     0.99986
 10178.100     0.99981
 10178.200     0.99973
 10178.300     0.99961
 10178.400     0.99942
 10178.500     0.99911
 10178.600     0.99866
 10178.700     0.99801
 10178.800     0.99704
 10178.900     0.99587
 10179.000     0.99496
 10179.100     0.99419
 10179.200     0.99179
 10179.300     0.98534
 10179.400     0.97435
 10179.500     0.96045
 10179.600     0.94570
 10179.700     0.93471
 10179.800     0.93537
 10179.900     0.95027
 10180.000     0.97115
 10180.100     0.98745
 10180.200     0.99574
 10180.300     0.99865
 10180.400     0.99937
 10180.500     0.99939
 10180.600     0.99906
 10180.700     0.99858
 10180.800     0.99829
 10180.900     0.99840
 10181.000     0.99879
 10181.100     0.99916
 10181.200     0.99937
 10181.300     0.99945
 10181.400     0.99943
 10181.500     0.99926
 10181.600     0.99882
 10181.700     0.99820
 10181.800     0.99784
 10181.900     0.99809
 10182.000     0.99868
 10182.100     0.99911
 10182.200     0.99904
 10182.300     0.99841
 10182.400     0.99712
 10182.500     0.99476
 10182.600     0.99111
 10182.700     0.98739
 10182.800     0.98586
 10182.900     0.98724
 10183.000     0.98942
 10183.100     0.98965
 10183.200     0.98791
 10183.300     0.98695
 10183.400     0.98856
 10183.500     0.99153
 10183.600     0.99400
 10183.700     0.99571
 10183.800     0.99707
 10183.900     0.99818
 10184.000     0.99894
 10184.100     0.99931
 10184.200     0.99932
 10184.300     0.99906
 10184.400     0.99866
 10184.500     0.99824
 10184.600     0.99792
 10184.700     0.99781
 10184.800     0.99799
 10184.900     0.99841
 10185.000     0.99884
 10185.100     0.99915
 10185.200     0.99939
 10185.300     0.99960
 10185.400     0.99975
 10185.500     0.99982
 10185.600     0.99981
 10185.700     0.99975
 10185.800     0.99970
 10185.900     0.99968
 10186.000     0.99969
 10186.100     0.99964
 10186.200     0.99942
 10186.300     0.99891
 10186.400     0.99812
 10186.500     0.99733
 10186.600     0.99701
 10186.700     0.99737
 10186.800     0.99817
 10186.900     0.99893
 10187.000     0.99940
 10187.100     0.99959
 10187.200     0.99960
 10187.300     0.99949
 10187.400     0.99908
 10187.500     0.99762
 10187.600     0.99331
 10187.700     0.98491
 10187.800     0.97526
 10187.900     0.97122
 10188.000     0.97632
 10188.100     0.98601
 10188.200     0.99352
 10188.300     0.99643
 10188.400     0.99571
 10188.500     0.99296
 10188.600     0.99026
 10188.700     0.98978
 10188.800     0.99156
 10188.900     0.99324
 10189.000     0.99318
 10189.100     0.99248
 10189.200     0.99316
 10189.300     0.99538
 10189.400     0.99758
 10189.500     0.99861
 10189.600     0.99838
 10189.700     0.99729
 10189.800     0.99606
 10189.900     0.99563
 10190.000     0.99626
 10190.100     0.99732
 10190.200     0.99821
 10190.300     0.99883
 10190.400     0.99922
 10190.500     0.99914
 10190.600     0.99806
 10190.700     0.99558
 10190.800     0.99249
 10190.900     0.99088
 10191.000     0.99209
 10191.100     0.99498
 10191.200     0.99752
 10191.300     0.99887
 10191.400     0.99936
 10191.500     0.99954
 10191.600     0.99964
 10191.700     0.99969
 10191.800     0.99963
 10191.900     0.99941
 10192.000     0.99907
 10192.100     0.99876
 10192.200     0.99861
 10192.300     0.99840
 10192.400     0.99744
 10192.500     0.99505
 10192.600     0.99117
 10192.700     0.98564
 10192.800     0.97575
 10192.900     0.95391
 10193.000     0.91255
 10193.100     0.85965
 10193.200     0.82674
 10193.300     0.84192
 10193.400     0.89470
 10193.500     0.94821
 10193.600     0.97999
 10193.700     0.99269
 10193.800     0.99668
 10193.900     0.99806
 10194.000     0.99873
 10194.100     0.99913
 10194.200     0.99933
 10194.300     0.99941
 10194.400     0.99941
 10194.500     0.99918
 10194.600     0.99767
 10194.700     0.99126
 10194.800     0.97186
 10194.900     0.93269
 10195.000     0.88431
 10195.100     0.85728
 10195.200     0.87055
 10195.300     0.90708
 10195.400     0.93913
 10195.500     0.95970
 10195.600     0.97503
 10195.700     0.98716
 10195.800     0.99458
 10195.900     0.99780
 10196.000     0.99837
 10196.100     0.99648
 10196.200     0.99140
 10196.300     0.98426
 10196.400     0.97951
 10196.500     0.98102
 10196.600     0.98695
 10196.700     0.99181
 10196.800     0.99258
 10196.900     0.99084
 10197.000     0.99019
 10197.100     0.99226
 10197.200     0.99547
 10197.300     0.99764
 10197.400     0.99837
 10197.500     0.99854
 10197.600     0.99881
 10197.700     0.99916
 10197.800     0.99931
 10197.900     0.99913
 10198.000     0.99855
 10198.100     0.99696
 10198.200     0.99325
 10198.300     0.98713
 10198.400     0.98067
 10198.500     0.97737
 10198.600     0.97922
 10198.700     0.98504
 10198.800     0.99160
 10198.900     0.99626
 10199.000     0.99853
 10199.100     0.99931
 10199.200     0.99954
 10199.300     0.99966
 10199.400     0.99977
 10199.500     0.99983
 10199.600     0.99981
 10199.700     0.99972
 10199.800     0.99959
 10199.900     0.99953
 10200.000     0.99959
 10200.100     0.99974
 10200.200     0.99988
 10200.300     0.99995
 10200.400     0.99993
 10200.500     0.99979
 10200.600     0.99950
 10200.700     0.99912
 10200.800     0.99892
 10200.900     0.99906
 10201.000     0.99942
 10201.100     0.99971
 10201.200     0.99975
 10201.300     0.99949
 10201.400     0.99895
 10201.500     0.99840
 10201.600     0.99827
 10201.700     0.99867
 10201.800     0.99927
 10201.900     0.99969
 10202.000     0.99986
 10202.100     0.99988
 10202.200     0.99979
 10202.300     0.99948
 10202.400     0.99879
 10202.500     0.99779
 10202.600     0.99688
 10202.700     0.99594
 10202.800     0.99312
 10202.900     0.98561
 10203.000     0.97387
 10203.100     0.96475
 10203.200     0.96574
 10203.300     0.97552
 10203.400     0.98526
 10203.500     0.98782
 10203.600     0.98218
 10203.700     0.97293
 10203.800     0.96806
 10203.900     0.97208
 10204.000     0.98084
 10204.100     0.98748
 10204.200     0.99059
 10204.300     0.99279
 10204.400     0.99530
 10204.500     0.99703
 10204.600     0.99686
 10204.700     0.99462
 10204.800     0.99117
 10204.900     0.98872
 10205.000     0.98938
 10205.100     0.99272
 10205.200     0.99620
 10205.300     0.99808
 10205.400     0.99844
 10205.500     0.99773
 10205.600     0.99528
 10205.700     0.98987
 10205.800     0.98252
 10205.900     0.97749
 10206.000     0.97739
 10206.100     0.97859
 10206.200     0.97623
 10206.300     0.97221
 10206.400     0.97306
 10206.500     0.98052
 10206.600     0.98949
 10206.700     0.99533
 10206.800     0.99783
 10206.900     0.99875
 10207.000     0.99911
 10207.100     0.99900
 10207.200     0.99821
 10207.300     0.99657
 10207.400     0.99462
 10207.500     0.99369
 10207.600     0.99462
 10207.700     0.99665
 10207.800     0.99843
 10207.900     0.99939
 10208.000     0.99975
 10208.100     0.99986
 10208.200     0.99986
 10208.300     0.99980
 10208.400     0.99965
 10208.500     0.99942
 10208.600     0.99919
 10208.700     0.99905
 10208.800     0.99902
 10208.900     0.99905
 10209.000     0.99917
 10209.100     0.99939
 10209.200     0.99964
 10209.300     0.99980
 10209.400     0.99983
 10209.500     0.99974
 10209.600     0.99956
 10209.700     0.99919
 10209.800     0.99808
 10209.900     0.99473
 10210.000     0.98701
 10210.100     0.97524
 10210.200     0.96546
 10210.300     0.96543
 10210.400     0.97529
 10210.500     0.98723
 10210.600     0.99495
 10210.700     0.99814
 10210.800     0.99892
 10210.900     0.99879
 10211.000     0.99848
 10211.100     0.99842
 10211.200     0.99870
 10211.300     0.99912
 10211.400     0.99948
 10211.500     0.99969
 10211.600     0.99976
 10211.700     0.99965
 10211.800     0.99916
 10211.900     0.99814
 10212.000     0.99684
 10212.100     0.99609
 10212.200     0.99640
 10212.300     0.99725
 10212.400     0.99784
 10212.500     0.99816
 10212.600     0.99856
 10212.700     0.99912
 10212.800     0.99960
 10212.900     0.99986
 10213.000     0.99996
 10213.100     0.99998
 10213.200     0.99996
 10213.300     0.99986
 10213.400     0.99965
 10213.500     0.99930
 10213.600     0.99888
 10213.700     0.99845
 10213.800     0.99796
 10213.900     0.99713
 10214.000     0.99500
 10214.100     0.98951
 10214.200     0.97941
 10214.300     0.96807
 10214.400     0.96286
 10214.500     0.96755
 10214.600     0.97736
 10214.700     0.98486
 10214.800     0.98781
 10214.900     0.98907
 10215.000     0.99106
 10215.100     0.99332
 10215.200     0.99446
 10215.300     0.99415
 10215.400     0.99266
 10215.500     0.99021
 10215.600     0.98677
 10215.700     0.98134
 10215.800     0.96999
 10215.900     0.94296
 10216.000     0.88598
 10216.100     0.79513
 10216.200     0.69845
 10216.300     0.64937
 10216.400     0.68082
 10216.500     0.77103
 10216.600     0.86672
 10216.700     0.93215
 10216.800     0.96511
 10216.900     0.97825
 10217.000     0.98237
 10217.100     0.98383
 10217.200     0.98613
 10217.300     0.98966
 10217.400     0.99294
 10217.500     0.99483
 10217.600     0.99531
 10217.700     0.99463
 10217.800     0.99255
 10217.900     0.98735
 10218.000     0.97368
 10218.100     0.94079
 10218.200     0.88098
 10218.300     0.81103
 10218.400     0.77530
 10218.500     0.80384
 10218.600     0.87479
 10218.700     0.94036
 10218.800     0.97622
 10218.900     0.98881
 10219.000     0.99233
 10219.100     0.99440
 10219.200     0.99639
 10219.300     0.99769
 10219.400     0.99813
 10219.500     0.99787
 10219.600     0.99665
 10219.700     0.99427
 10219.800     0.99189
 10219.900     0.99151
 10220.000     0.99362
 10220.100     0.99651
 10220.200     0.99847
 10220.300     0.99916
 10220.400     0.99877
 10220.500     0.99695
 10220.600     0.99316
 10220.700     0.98837
 10220.800     0.98565
 10220.900     0.98730
 10221.000     0.99191
 10221.100     0.99620
 10221.200     0.99859
 10221.300     0.99951
 10221.400     0.99977
 10221.500     0.99983
 10221.600     0.99984
 10221.700     0.99986
 10221.800     0.99986
 10221.900     0.99987
 10222.000     0.99989
 10222.100     0.99992
 10222.200     0.99993
 10222.300     0.99988
 10222.400     0.99975
 10222.500     0.99958
 10222.600     0.99946
 10222.700     0.99947
 10222.800     0.99956
 10222.900     0.99959
 10223.000     0.99931
 10223.100     0.99813
 10223.200     0.99485
 10223.300     0.98883
 10223.400     0.98240
 10223.500     0.98030
 10223.600     0.98446
 10223.700     0.99136
 10223.800     0.99658
 10223.900     0.99899
 10224.000     0.99973
 10224.100     0.99988
 10224.200     0.99989
 10224.300     0.99988
 10224.400     0.99984
 10224.500     0.99974
 10224.600     0.99953
 10224.700     0.99915
 10224.800     0.99855
 10224.900     0.99766
 10225.000     0.99641
 10225.100     0.99502
 10225.200     0.99416
 10225.300     0.99430
 10225.400     0.99493
 10225.500     0.99473
 10225.600     0.99299
 10225.700     0.99076
 10225.800     0.98945
 10225.900     0.98862
 10226.000     0.98666
 10226.100     0.98373
 10226.200     0.98097
 10226.300     0.97755
 10226.400     0.97243
 10226.500     0.96889
 10226.600     0.97199
 10226.700     0.98085
 10226.800     0.98881
 10226.900     0.99121
 10227.000     0.98936
 10227.100     0.98780
 10227.200     0.98937
 10227.300     0.99295
 10227.400     0.99581
 10227.500     0.99631
 10227.600     0.99314
 10227.700     0.98372
 10227.800     0.96658
 10227.900     0.94767
 10228.000     0.93978
 10228.100     0.94942
 10228.200     0.96846
 10228.300     0.98446
 10228.400     0.99283
 10228.500     0.99607
 10228.600     0.99741
 10228.700     0.99826
 10228.800     0.99881
 10228.900     0.99898
 10229.000     0.99879
 10229.100     0.99841
 10229.200     0.99810
 10229.300     0.99803
 10229.400     0.99811
 10229.500     0.99820
 10229.600     0.99828
 10229.700     0.99843
 10229.800     0.99858
 10229.900     0.99860
 10230.000     0.99831
 10230.100     0.99747
 10230.200     0.99531
 10230.300     0.99020
 10230.400     0.98042
 10230.500     0.96564
 10230.600     0.94799
 10230.700     0.93353
 10230.800     0.93150
 10230.900     0.94547
 10231.000     0.96694
 10231.100     0.98402
 10231.200     0.99249
 10231.300     0.99518
 10231.400     0.99601
 10231.500     0.99693
 10231.600     0.99807
 10231.700     0.99895
 10231.800     0.99940
 10231.900     0.99957
 10232.000     0.99960
 10232.100     0.99954
 10232.200     0.99934
 10232.300     0.99891
 10232.400     0.99798
 10232.500     0.99568
 10232.600     0.99052
 10232.700     0.98237
 10232.800     0.97492
 10232.900     0.97318
 10233.000     0.97704
 10233.100     0.98054
 10233.200     0.97894
 10233.300     0.97345
 10233.400     0.96967
 10233.500     0.97253
 10233.600     0.98127
 10233.700     0.99039
 10233.800     0.99558
 10233.900     0.99588
 10234.000     0.99092
 10234.100     0.98078
 10234.200     0.96988
 10234.300     0.96623
 10234.400     0.97250
 10234.500     0.98130
 10234.600     0.98312
 10234.700     0.97625
 10234.800     0.96837
 10234.900     0.96864
 10235.000     0.97787
 10235.100     0.98890
 10235.200     0.99593
 10235.300     0.99871
 10235.400     0.99940
 10235.500     0.99946
 10235.600     0.99944
 10235.700     0.99949
 10235.800     0.99961
 10235.900     0.99972
 10236.000     0.99969
 10236.100     0.99935
 10236.200     0.99818
 10236.300     0.99554
 10236.400     0.99185
 10236.500     0.98936
 10236.600     0.99018
 10236.700     0.99357
 10236.800     0.99695
 10236.900     0.99889
 10237.000     0.99957
 10237.100     0.99957
 10237.200     0.99893
 10237.300     0.99733
 10237.400     0.99502
 10237.500     0.99338
 10237.600     0.99379
 10237.700     0.99585
 10237.800     0.99799
 10237.900     0.99924
 10238.000     0.99972
 10238.100     0.99984
 10238.200     0.99980
 10238.300     0.99957
 10238.400     0.99885
 10238.500     0.99710
 10238.600     0.99416
 10238.700     0.99124
 10238.800     0.99045
 10238.900     0.99249
 10239.000     0.99567
 10239.100     0.99808
 10239.200     0.99925
 10239.300     0.99968
 10239.400     0.99983
 10239.500     0.99988
 10239.600     0.99990
 10239.700     0.99992
 10239.800     0.99992
 10239.900     0.99989
 10240.000     0.99985
 10240.100     0.99981
 10240.200     0.99980
 10240.300     0.99981
 10240.400     0.99980
 10240.500     0.99973
 10240.600     0.99958
 10240.700     0.99936
 10240.800     0.99893
 10240.900     0.99765
 10241.000     0.99361
 10241.100     0.98356
 10241.200     0.96647
 10241.300     0.94946
 10241.400     0.94515
 10241.500     0.95758
 10241.600     0.97668
 10241.700     0.99081
 10241.800     0.99728
 10241.900     0.99926
 10242.000     0.99970
 10242.100     0.99982
 10242.200     0.99989
 10242.300     0.99992
 10242.400     0.99992
 10242.500     0.99993
 10242.600     0.99995
 10242.700     0.99997
 10242.800     0.99999
 10242.900     0.99998
 10243.000     0.99992
 10243.100     0.99970
 10243.200     0.99906
 10243.300     0.99782
 10243.400     0.99642
 10243.500     0.99581
 10243.600     0.99643
 10243.700     0.99757
 10243.800     0.99842
 10243.900     0.99889
 10244.000     0.99927
 10244.100     0.99962
 10244.200     0.99985
 10244.300     0.99996
 10244.400     0.99998
 10244.500     0.99997
 10244.600     0.99989
 10244.700     0.99966
 10244.800     0.99915
 10244.900     0.99825
 10245.000     0.99700
 10245.100     0.99582
 10245.200     0.99535
 10245.300     0.99590
 10245.400     0.99681
 10245.500     0.99712
 10245.600     0.99626
 10245.700     0.99427
 10245.800     0.99220
 10245.900     0.99186
 10246.000     0.99382
 10246.100     0.99664
 10246.200     0.99864
 10246.300     0.99949
 10246.400     0.99971
 10246.500     0.99977
 10246.600     0.99984
 10246.700     0.99990
 10246.800     0.99990
 10246.900     0.99979
 10247.000     0.99952
 10247.100     0.99910
 10247.200     0.99869
 10247.300     0.99848
 10247.400     0.99856
 10247.500     0.99882
 10247.600     0.99913
 10247.700     0.99941
 10247.800     0.99962
 10247.900     0.99975
 10248.000     0.99981
 10248.100     0.99980
 10248.200     0.99968
 10248.300     0.99943
 10248.400     0.99890
 10248.500     0.99773
 10248.600     0.99552
 10248.700     0.99251
 10248.800     0.98949
 10248.900     0.98668
 10249.000     0.98409
 10249.100     0.98326
 10249.200     0.98582
 10249.300     0.99061
 10249.400     0.99447
 10249.500     0.99526
 10249.600     0.99313
 10249.700     0.99037
 10249.800     0.98986
 10249.900     0.99234
 10250.000     0.99583
 10250.100     0.99828
 10250.200     0.99937
 10250.300     0.99974
 10250.400     0.99984
 10250.500     0.99982
 10250.600     0.99951
 10250.700     0.99832
 10250.800     0.99503
 10250.900     0.98909
 10251.000     0.98292
 10251.100     0.98111
 10251.200     0.98529
 10251.300     0.99190
 10251.400     0.99678
 10251.500     0.99899
 10251.600     0.99964
 10251.700     0.99975
 10251.800     0.99969
 10251.900     0.99952
 10252.000     0.99908
 10252.100     0.99783
 10252.200     0.99450
 10252.300     0.98750
 10252.400     0.97739
 10252.500     0.96939
 10252.600     0.96978
 10252.700     0.97841
 10252.800     0.98868
 10252.900     0.99540
 10253.000     0.99823
 10253.100     0.99876
 10253.200     0.99780
 10253.300     0.99555
 10253.400     0.99303
 10253.500     0.99210
 10253.600     0.99358
 10253.700     0.99603
 10253.800     0.99742
 10253.900     0.99675
 10254.000     0.99429
 10254.100     0.99094
 10254.200     0.98734
 10254.300     0.98367
 10254.400     0.98035
 10254.500     0.97726
 10254.600     0.97342
 10254.700     0.97027
 10254.800     0.97199
 10254.900     0.97951
 10255.000     0.98851
 10255.100     0.99473
 10255.200     0.99768
 10255.300     0.99884
 10255.400     0.99933
 10255.500     0.99956
 10255.600     0.99966
 10255.700     0.99969
 10255.800     0.99969
 10255.900     0.99966
 10256.000     0.99952
 10256.100     0.99907
 10256.200     0.99782
 10256.300     0.99535
 10256.400     0.99221
 10256.500     0.99031
 10256.600     0.99117
 10256.700     0.99400
 10256.800     0.99666
 10256.900     0.99806
 10257.000     0.99849
 10257.100     0.99854
 10257.200     0.99840
 10257.300     0.99818
 10257.400     0.99818
 10257.500     0.99853
 10257.600     0.99889
 10257.700     0.99861
 10257.800     0.99647
 10257.900     0.99042
 10258.000     0.97949
 10258.100     0.96768
 10258.200     0.96307
 10258.300     0.96906
 10258.400     0.97985
 10258.500     0.98801
 10258.600     0.99211
 10258.700     0.99431
 10258.800     0.99515
 10258.900     0.99370
 10259.000     0.99068
 10259.100     0.98897
 10259.200     0.99057
 10259.300     0.99420
 10259.400     0.99730
 10259.500     0.99883
 10259.600     0.99929
 10259.700     0.99934
 10259.800     0.99920
 10259.900     0.99888
 10260.000     0.99812
 10260.100     0.99589
 10260.200     0.99093
 10260.300     0.98413
 10260.400     0.97946
 10260.500     0.97986
 10260.600     0.98359
 10260.700     0.98668
 10260.800     0.98645
 10260.900     0.98216
 10261.000     0.97659
 10261.100     0.97548
 10261.200     0.98121
 10261.300     0.98963
 10261.400     0.99571
 10261.500     0.99841
 10261.600     0.99923
 10261.700     0.99935
 10261.800     0.99910
 10261.900     0.99857
 10262.000     0.99779
 10262.100     0.99627
 10262.200     0.99270
 10262.300     0.98654
 10262.400     0.98048
 10262.500     0.97931
 10262.600     0.98428
 10262.700     0.99125
 10262.800     0.99597
 10262.900     0.99780
 10263.000     0.99812
 10263.100     0.99812
 10263.200     0.99833
 10263.300     0.99879
 10263.400     0.99922
 10263.500     0.99939
 10263.600     0.99925
 10263.700     0.99891
 10263.800     0.99858
 10263.900     0.99853
 10264.000     0.99885
 10264.100     0.99933
 10264.200     0.99967
 10264.300     0.99979
 10264.400     0.99972
 10264.500     0.99948
 10264.600     0.99908
 10264.700     0.99821
 10264.800     0.99531
 10264.900     0.98600
 10265.000     0.96551
 10265.100     0.93803
 10265.200     0.92137
 10265.300     0.93000
 10265.400     0.95617
 10265.500     0.98023
 10265.600     0.99204
 10265.700     0.99266
 10265.800     0.98541
 10265.900     0.97468
 10266.000     0.96801
 10266.100     0.97003
 10266.200     0.97579
 10266.300     0.97678
 10266.400     0.97243
 10266.500     0.97026
 10266.600     0.97529
 10266.700     0.98450
 10266.800     0.99240
 10266.900     0.99678
 10267.000     0.99848
 10267.100     0.99895
 10267.200     0.99909
 10267.300     0.99924
 10267.400     0.99943
 10267.500     0.99963
 10267.600     0.99976
 10267.700     0.99982
 10267.800     0.99983
 10267.900     0.99985
 10268.000     0.99988
 10268.100     0.99991
 10268.200     0.99986
 10268.300     0.99970
 10268.400     0.99929
 10268.500     0.99825
 10268.600     0.99574
 10268.700     0.99057
 10268.800     0.98278
 10268.900     0.97584
 10269.000     0.97505
 10269.100     0.98148
 10269.200     0.99021
 10269.300     0.99630
 10269.400     0.99894
 10269.500     0.99966
 10269.600     0.99957
 10269.700     0.99898
 10269.800     0.99796
 10269.900     0.99696
 10270.000     0.99661
 10270.100     0.99701
 10270.200     0.99773
 10270.300     0.99838
 10270.400     0.99887
 10270.500     0.99916
 10270.600     0.99925
 10270.700     0.99926
 10270.800     0.99931
 10270.900     0.99941
 10271.000     0.99943
 10271.100     0.99935
 10271.200     0.99925
 10271.300     0.99913
 10271.400     0.99882
 10271.500     0.99793
 10271.600     0.99613
 10271.700     0.99389
 10271.800     0.99279
 10271.900     0.99386
 10272.000     0.99624
 10272.100     0.99828
 10272.200     0.99931
 10272.300     0.99963
 10272.400     0.99962
 10272.500     0.99926
 10272.600     0.99813
 10272.700     0.99568
 10272.800     0.99228
 10272.900     0.98992
 10273.000     0.99042
 10273.100     0.99289
 10273.200     0.99441
 10273.300     0.99214
 10273.400     0.98376
 10273.500     0.96897
 10273.600     0.95361
 10273.700     0.94823
 10273.800     0.95714
 10273.900     0.97261
 10274.000     0.98416
 10274.100     0.98879
 10274.200     0.99005
 10274.300     0.99177
 10274.400     0.99462
 10274.500     0.99725
 10274.600     0.99871
 10274.700     0.99915
 10274.800     0.99915
 10274.900     0.99907
 10275.000     0.99904
 10275.100     0.99904
 10275.200     0.99901
 10275.300     0.99897
 10275.400     0.99900
 10275.500     0.99906
 10275.600     0.99904
 10275.700     0.99888
 10275.800     0.99852
 10275.900     0.99752
 10276.000     0.99534
 10276.100     0.99230
 10276.200     0.99025
 10276.300     0.99086
 10276.400     0.99356
 10276.500     0.99616
 10276.600     0.99723
 10276.700     0.99694
 10276.800     0.99640
 10276.900     0.99652
 10277.000     0.99739
 10277.100     0.99846
 10277.200     0.99924
 10277.300     0.99966
 10277.400     0.99982
 10277.500     0.99985
 10277.600     0.99974
 10277.700     0.99936
 10277.800     0.99856
 10277.900     0.99751
 10278.000     0.99685
 10278.100     0.99714
 10278.200     0.99809
 10278.300     0.99901
 10278.400     0.99955
 10278.500     0.99978
 10278.600     0.99985
 10278.700     0.99978
 10278.800     0.99929
 10278.900     0.99749
 10279.000     0.99320
 10279.100     0.98680
 10279.200     0.98179
 10279.300     0.98205
 10279.400     0.98712
 10279.500     0.99299
 10279.600     1.00000
 10279.700     1.00000
 10279.800     1.00000
 10279.900     1.00000
 10280.000     1.00000
