the number of points per synthesis =   2701
start =  12050.000     stop =  12320.000     step =      0.100
 12050.000     1.00000
 12050.100     1.00000
 12050.200     1.00000
 12050.300     1.00000
 12050.400     1.00000
 12050.500     1.00000
 12050.600     0.99604
 12050.700     0.99788
 12050.800     0.99892
 12050.900     0.99937
 12051.000     0.99954
 12051.100     0.99961
 12051.200     0.99964
 12051.300     0.99963
 12051.400     0.99956
 12051.500     0.99934
 12051.600     0.99873
 12051.700     0.99709
 12051.800     0.99347
 12051.900     0.98738
 12052.000     0.98015
 12052.100     0.97489
 12052.200     0.97413
 12052.300     0.97736
 12052.400     0.98154
 12052.500     0.98343
 12052.600     0.97973
 12052.700     0.96557
 12052.800     0.93658
 12052.900     0.89638
 12053.000     0.86114
 12053.100     0.85097
 12053.200     0.87261
 12053.300     0.91305
 12053.400     0.95208
 12053.500     0.97802
 12053.600     0.99096
 12053.700     0.99615
 12053.800     0.99788
 12053.900     0.99809
 12054.000     0.99724
 12054.100     0.99541
 12054.200     0.99310
 12054.300     0.99150
 12054.400     0.99161
 12054.500     0.99338
 12054.600     0.99575
 12054.700     0.99769
 12054.800     0.99881
 12054.900     0.99924
 12055.000     0.99913
 12055.100     0.99842
 12055.200     0.99699
 12055.300     0.99486
 12055.400     0.99216
 12055.500     0.98894
 12055.600     0.98536
 12055.700     0.98225
 12055.800     0.98107
 12055.900     0.98281
 12056.000     0.98691
 12056.100     0.99162
 12056.200     0.99533
 12056.300     0.99747
 12056.400     0.99822
 12056.500     0.99796
 12056.600     0.99706
 12056.700     0.99596
 12056.800     0.99513
 12056.900     0.99485
 12057.000     0.99501
 12057.100     0.99528
 12057.200     0.99543
 12057.300     0.99530
 12057.400     0.99410
 12057.500     0.98956
 12057.600     0.97886
 12057.700     0.96184
 12057.800     0.94417
 12057.900     0.93530
 12058.000     0.94077
 12058.100     0.95689
 12058.200     0.97469
 12058.300     0.98768
 12058.400     0.99479
 12058.500     0.99798
 12058.600     0.99924
 12058.700     0.99966
 12058.800     0.99973
 12058.900     0.99969
 12059.000     0.99964
 12059.100     0.99963
 12059.200     0.99967
 12059.300     0.99972
 12059.400     0.99977
 12059.500     0.99982
 12059.600     0.99987
 12059.700     0.99992
 12059.800     0.99996
 12059.900     0.99998
 12060.000     0.99996
 12060.100     0.99988
 12060.200     0.99966
 12060.300     0.99908
 12060.400     0.99795
 12060.500     0.99634
 12060.600     0.99480
 12060.700     0.99419
 12060.800     0.99487
 12060.900     0.99638
 12061.000     0.99791
 12061.100     0.99896
 12061.200     0.99944
 12061.300     0.99945
 12061.400     0.99908
 12061.500     0.99841
 12061.600     0.99775
 12061.700     0.99745
 12061.800     0.99769
 12061.900     0.99827
 12062.000     0.99883
 12062.100     0.99916
 12062.200     0.99929
 12062.300     0.99933
 12062.400     0.99935
 12062.500     0.99937
 12062.600     0.99937
 12062.700     0.99920
 12062.800     0.99845
 12062.900     0.99602
 12063.000     0.98955
 12063.100     0.97612
 12063.200     0.95556
 12063.300     0.93385
 12063.400     0.92122
 12063.500     0.92397
 12063.600     0.93875
 12063.700     0.95668
 12063.800     0.97124
 12063.900     0.98083
 12064.000     0.98628
 12064.100     0.98886
 12064.200     0.99010
 12064.300     0.99143
 12064.400     0.99334
 12064.500     0.99515
 12064.600     0.99603
 12064.700     0.99593
 12064.800     0.99556
 12064.900     0.99567
 12065.000     0.99637
 12065.100     0.99706
 12065.200     0.99702
 12065.300     0.99597
 12065.400     0.99432
 12065.500     0.99288
 12065.600     0.99216
 12065.700     0.99212
 12065.800     0.99257
 12065.900     0.99357
 12066.000     0.99512
 12066.100     0.99686
 12066.200     0.99823
 12066.300     0.99891
 12066.400     0.99897
 12066.500     0.99868
 12066.600     0.99834
 12066.700     0.99809
 12066.800     0.99781
 12066.900     0.99726
 12067.000     0.99649
 12067.100     0.99591
 12067.200     0.99598
 12067.300     0.99671
 12067.400     0.99766
 12067.500     0.99828
 12067.600     0.99820
 12067.700     0.99738
 12067.800     0.99612
 12067.900     0.99500
 12068.000     0.99460
 12068.100     0.99504
 12068.200     0.99593
 12068.300     0.99682
 12068.400     0.99757
 12068.500     0.99818
 12068.600     0.99846
 12068.700     0.99791
 12068.800     0.99565
 12068.900     0.99084
 12069.000     0.98392
 12069.100     0.97763
 12069.200     0.97561
 12069.300     0.97922
 12069.400     0.98605
 12069.500     0.99234
 12069.600     0.99598
 12069.700     0.99708
 12069.800     0.99685
 12069.900     0.99646
 12070.000     0.99662
 12070.100     0.99739
 12070.200     0.99837
 12070.300     0.99916
 12070.400     0.99960
 12070.500     0.99977
 12070.600     0.99975
 12070.700     0.99954
 12070.800     0.99909
 12070.900     0.99843
 12071.000     0.99767
 12071.100     0.99679
 12071.200     0.99539
 12071.300     0.99290
 12071.400     0.98928
 12071.500     0.98561
 12071.600     0.98361
 12071.700     0.98444
 12071.800     0.98780
 12071.900     0.99214
 12072.000     0.99581
 12072.100     0.99808
 12072.200     0.99917
 12072.300     0.99957
 12072.400     0.99963
 12072.500     0.99955
 12072.600     0.99940
 12072.700     0.99913
 12072.800     0.99857
 12072.900     0.99745
 12073.000     0.99565
 12073.100     0.99349
 12073.200     0.99182
 12073.300     0.99158
 12073.400     0.99281
 12073.500     0.99426
 12073.600     0.99358
 12073.700     0.98767
 12073.800     0.97383
 12073.900     0.95319
 12074.000     0.93341
 12074.100     0.92547
 12074.200     0.93449
 12074.300     0.95476
 12074.400     0.97537
 12074.500     0.98930
 12074.600     0.99609
 12074.700     0.99851
 12074.800     0.99906
 12074.900     0.99898
 12075.000     0.99867
 12075.100     0.99796
 12075.200     0.99652
 12075.300     0.99437
 12075.400     0.99226
 12075.500     0.99134
 12075.600     0.99212
 12075.700     0.99407
 12075.800     0.99607
 12075.900     0.99726
 12076.000     0.99742
 12076.100     0.99694
 12076.200     0.99648
 12076.300     0.99642
 12076.400     0.99657
 12076.500     0.99637
 12076.600     0.99547
 12076.700     0.99408
 12076.800     0.99286
 12076.900     0.99253
 12077.000     0.99332
 12077.100     0.99479
 12077.200     0.99609
 12077.300     0.99658
 12077.400     0.99626
 12077.500     0.99570
 12077.600     0.99538
 12077.700     0.99496
 12077.800     0.99313
 12077.900     0.98884
 12078.000     0.98291
 12078.100     0.97840
 12078.200     0.97834
 12078.300     0.98292
 12078.400     0.98934
 12078.500     0.99452
 12078.600     0.99719
 12078.700     0.99780
 12078.800     0.99745
 12078.900     0.99709
 12079.000     0.99725
 12079.100     0.99791
 12079.200     0.99869
 12079.300     0.99924
 12079.400     0.99949
 12079.500     0.99951
 12079.600     0.99943
 12079.700     0.99924
 12079.800     0.99879
 12079.900     0.99765
 12080.000     0.99506
 12080.100     0.99031
 12080.200     0.98359
 12080.300     0.97665
 12080.400     0.97177
 12080.500     0.96956
 12080.600     0.96812
 12080.700     0.96424
 12080.800     0.95513
 12080.900     0.93990
 12081.000     0.92135
 12081.100     0.90614
 12081.200     0.90051
 12081.300     0.90436
 12081.400     0.91073
 12081.500     0.91121
 12081.600     0.90058
 12081.700     0.87842
 12081.800     0.84986
 12081.900     0.82483
 12082.000     0.81278
 12082.100     0.81532
 12082.200     0.82485
 12082.300     0.83123
 12082.400     0.82859
 12082.500     0.81636
 12082.600     0.79614
 12082.700     0.76866
 12082.800     0.73282
 12082.900     0.68706
 12083.000     0.63258
 12083.100     0.57640
 12083.200     0.52954
 12083.300     0.49992
 12083.400     0.48726
 12083.500     0.48651
 12083.600     0.49583
 12083.700     0.51860
 12083.800     0.55705
 12083.900     0.60665
 12084.000     0.65823
 12084.100     0.70427
 12084.200     0.74205
 12084.300     0.77245
 12084.400     0.79743
 12084.500     0.81872
 12084.600     0.83741
 12084.700     0.85397
 12084.800     0.86848
 12084.900     0.88109
 12085.000     0.89219
 12085.100     0.90214
 12085.200     0.91116
 12085.300     0.91928
 12085.400     0.92663
 12085.500     0.93357
 12085.600     0.94059
 12085.700     0.94792
 12085.800     0.95545
 12085.900     0.96302
 12086.000     0.97085
 12086.100     0.97907
 12086.200     0.98695
 12086.300     0.99311
 12086.400     0.99671
 12086.500     0.99796
 12086.600     0.99759
 12086.700     0.99621
 12086.800     0.99431
 12086.900     0.99258
 12087.000     0.99191
 12087.100     0.99276
 12087.200     0.99457
 12087.300     0.99614
 12087.400     0.99634
 12087.500     0.99474
 12087.600     0.99183
 12087.700     0.98890
 12087.800     0.98735
 12087.900     0.98753
 12088.000     0.98826
 12088.100     0.98738
 12088.200     0.98349
 12088.300     0.97761
 12088.400     0.97330
 12088.500     0.97388
 12088.600     0.97937
 12088.700     0.98654
 12088.800     0.99184
 12088.900     0.99387
 12089.000     0.99348
 12089.100     0.99246
 12089.200     0.99225
 12089.300     0.99306
 12089.400     0.99395
 12089.500     0.99379
 12089.600     0.99242
 12089.700     0.99085
 12089.800     0.99053
 12089.900     0.99200
 12090.000     0.99454
 12090.100     0.99694
 12090.200     0.99853
 12090.300     0.99934
 12090.400     0.99968
 12090.500     0.99981
 12090.600     0.99987
 12090.700     0.99989
 12090.800     0.99989
 12090.900     0.99989
 12091.000     0.99986
 12091.100     0.99980
 12091.200     0.99969
 12091.300     0.99956
 12091.400     0.99946
 12091.500     0.99943
 12091.600     0.99945
 12091.700     0.99939
 12091.800     0.99902
 12091.900     0.99810
 12092.000     0.99658
 12092.100     0.99491
 12092.200     0.99391
 12092.300     0.99412
 12092.400     0.99517
 12092.500     0.99614
 12092.600     0.99622
 12092.700     0.99512
 12092.800     0.99309
 12092.900     0.99082
 12093.000     0.98937
 12093.100     0.98943
 12093.200     0.99062
 12093.300     0.99131
 12093.400     0.98883
 12093.500     0.98024
 12093.600     0.96468
 12093.700     0.94655
 12093.800     0.93489
 12093.900     0.93680
 12094.000     0.95083
 12094.100     0.96874
 12094.200     0.98317
 12094.300     0.99196
 12094.400     0.99644
 12094.500     0.99850
 12094.600     0.99933
 12094.700     0.99960
 12094.800     0.99966
 12094.900     0.99965
 12095.000     0.99958
 12095.100     0.99946
 12095.200     0.99921
 12095.300     0.99862
 12095.400     0.99744
 12095.500     0.99567
 12095.600     0.99394
 12095.700     0.99317
 12095.800     0.99385
 12095.900     0.99556
 12096.000     0.99740
 12096.100     0.99873
 12096.200     0.99944
 12096.300     0.99973
 12096.400     0.99977
 12096.500     0.99967
 12096.600     0.99947
 12096.700     0.99925
 12096.800     0.99914
 12096.900     0.99918
 12097.000     0.99928
 12097.100     0.99930
 12097.200     0.99913
 12097.300     0.99870
 12097.400     0.99791
 12097.500     0.99650
 12097.600     0.99417
 12097.700     0.99101
 12097.800     0.98797
 12097.900     0.98660
 12098.000     0.98787
 12098.100     0.99117
 12098.200     0.99483
 12098.300     0.99752
 12098.400     0.99895
 12098.500     0.99953
 12098.600     0.99969
 12098.700     0.99969
 12098.800     0.99954
 12098.900     0.99891
 12099.000     0.99677
 12099.100     0.99094
 12099.200     0.97865
 12099.300     0.95970
 12099.400     0.93981
 12099.500     0.92912
 12099.600     0.93389
 12099.700     0.95011
 12099.800     0.96695
 12099.900     0.97601
 12100.000     0.97603
 12100.100     0.97103
 12100.200     0.96601
 12100.300     0.96409
 12100.400     0.96591
 12100.500     0.97055
 12100.600     0.97664
 12100.700     0.98296
 12100.800     0.98836
 12100.900     0.99195
 12101.000     0.99339
 12101.100     0.99314
 12101.200     0.99204
 12101.300     0.99073
 12101.400     0.98937
 12101.500     0.98767
 12101.600     0.98518
 12101.700     0.98149
 12101.800     0.97659
 12101.900     0.97066
 12102.000     0.96328
 12102.100     0.95303
 12102.200     0.93909
 12102.300     0.92387
 12102.400     0.91271
 12102.500     0.90961
 12102.600     0.91292
 12102.700     0.91623
 12102.800     0.91287
 12102.900     0.89877
 12103.000     0.87139
 12103.100     0.82827
 12103.200     0.76895
 12103.300     0.69995
 12103.400     0.63762
 12103.500     0.60281
 12103.600     0.60907
 12103.700     0.65378
 12103.800     0.72003
 12103.900     0.78756
 12104.000     0.84323
 12104.100     0.88369
 12104.200     0.91154
 12104.300     0.93061
 12104.400     0.94370
 12104.500     0.95239
 12104.600     0.95779
 12104.700     0.96126
 12104.800     0.96443
 12104.900     0.96841
 12105.000     0.97301
 12105.100     0.97711
 12105.200     0.97941
 12105.300     0.97859
 12105.400     0.97249
 12105.500     0.95826
 12105.600     0.93509
 12105.700     0.90848
 12105.800     0.89013
 12105.900     0.89030
 12106.000     0.90913
 12106.100     0.93686
 12106.200     0.96233
 12106.300     0.97989
 12106.400     0.98969
 12106.500     0.99436
 12106.600     0.99638
 12106.700     0.99730
 12106.800     0.99785
 12106.900     0.99822
 12107.000     0.99846
 12107.100     0.99850
 12107.200     0.99820
 12107.300     0.99744
 12107.400     0.99634
 12107.500     0.99543
 12107.600     0.99530
 12107.700     0.99605
 12107.800     0.99720
 12107.900     0.99820
 12108.000     0.99884
 12108.100     0.99916
 12108.200     0.99930
 12108.300     0.99933
 12108.400     0.99932
 12108.500     0.99929
 12108.600     0.99921
 12108.700     0.99904
 12108.800     0.99868
 12108.900     0.99801
 12109.000     0.99698
 12109.100     0.99575
 12109.200     0.99471
 12109.300     0.99417
 12109.400     0.99401
 12109.500     0.99333
 12109.600     0.99070
 12109.700     0.98425
 12109.800     0.97205
 12109.900     0.95347
 12110.000     0.93176
 12110.100     0.91388
 12110.200     0.90440
 12110.300     0.89919
 12110.400     0.88907
 12110.500     0.87177
 12110.600     0.85723
 12110.700     0.85890
 12110.800     0.88066
 12110.900     0.91384
 12111.000     0.94566
 12111.100     0.96849
 12111.200     0.98166
 12111.300     0.98799
 12111.400     0.99025
 12111.500     0.99019
 12111.600     0.98907
 12111.700     0.98808
 12111.800     0.98811
 12111.900     0.98937
 12112.000     0.99141
 12112.100     0.99358
 12112.200     0.99537
 12112.300     0.99645
 12112.400     0.99670
 12112.500     0.99637
 12112.600     0.99598
 12112.700     0.99601
 12112.800     0.99650
 12112.900     0.99705
 12113.000     0.99719
 12113.100     0.99675
 12113.200     0.99587
 12113.300     0.99484
 12113.400     0.99403
 12113.500     0.99352
 12113.600     0.99292
 12113.700     0.99190
 12113.800     0.99074
 12113.900     0.99008
 12114.000     0.99001
 12114.100     0.99014
 12114.200     0.99050
 12114.300     0.99163
 12114.400     0.99370
 12114.500     0.99596
 12114.600     0.99736
 12114.700     0.99708
 12114.800     0.99440
 12114.900     0.98887
 12115.000     0.98127
 12115.100     0.97439
 12115.200     0.97167
 12115.300     0.97382
 12115.400     0.97743
 12115.500     0.97789
 12115.600     0.97414
 12115.700     0.96994
 12115.800     0.97017
 12115.900     0.97605
 12116.000     0.98446
 12116.100     0.99155
 12116.200     0.99558
 12116.300     0.99687
 12116.400     0.99627
 12116.500     0.99441
 12116.600     0.99206
 12116.700     0.99040
 12116.800     0.99047
 12116.900     0.99231
 12117.000     0.99490
 12117.100     0.99711
 12117.200     0.99830
 12117.300     0.99816
 12117.400     0.99583
 12117.500     0.98931
 12117.600     0.97666
 12117.700     0.95931
 12117.800     0.94413
 12117.900     0.93978
 12118.000     0.94908
 12118.100     0.96617
 12118.200     0.98225
 12118.300     0.99252
 12118.400     0.99730
 12118.500     0.99899
 12118.600     0.99941
 12118.700     0.99937
 12118.800     0.99894
 12118.900     0.99733
 12119.000     0.99231
 12119.100     0.97947
 12119.200     0.95434
 12119.300     0.91864
 12119.400     0.88529
 12119.500     0.87238
 12119.600     0.88767
 12119.700     0.92065
 12119.800     0.95266
 12119.900     0.97246
 12120.000     0.98085
 12120.100     0.98429
 12120.200     0.98751
 12120.300     0.99144
 12120.400     0.99504
 12120.500     0.99746
 12120.600     0.99870
 12120.700     0.99916
 12120.800     0.99911
 12120.900     0.99857
 12121.000     0.99743
 12121.100     0.99571
 12121.200     0.99381
 12121.300     0.99245
 12121.400     0.99222
 12121.500     0.99299
 12121.600     0.99402
 12121.700     0.99459
 12121.800     0.99472
 12121.900     0.99499
 12122.000     0.99579
 12122.100     0.99694
 12122.200     0.99799
 12122.300     0.99873
 12122.400     0.99918
 12122.500     0.99947
 12122.600     0.99968
 12122.700     0.99981
 12122.800     0.99987
 12122.900     0.99982
 12123.000     0.99960
 12123.100     0.99913
 12123.200     0.99846
 12123.300     0.99784
 12123.400     0.99760
 12123.500     0.99784
 12123.600     0.99836
 12123.700     0.99890
 12123.800     0.99929
 12123.900     0.99951
 12124.000     0.99952
 12124.100     0.99915
 12124.200     0.99819
 12124.300     0.99655
 12124.400     0.99465
 12124.500     0.99338
 12124.600     0.99349
 12124.700     0.99482
 12124.800     0.99640
 12124.900     0.99725
 12125.000     0.99680
 12125.100     0.99461
 12125.200     0.99035
 12125.300     0.98462
 12125.400     0.97979
 12125.500     0.97875
 12125.600     0.98232
 12125.700     0.98833
 12125.800     0.99375
 12125.900     0.99702
 12126.000     0.99837
 12126.100     0.99854
 12126.200     0.99799
 12126.300     0.99673
 12126.400     0.99481
 12126.500     0.99260
 12126.600     0.99058
 12126.700     0.98903
 12126.800     0.98799
 12126.900     0.98766
 12127.000     0.98849
 12127.100     0.99058
 12127.200     0.99319
 12127.300     0.99499
 12127.400     0.99495
 12127.500     0.99293
 12127.600     0.98990
 12127.700     0.98755
 12127.800     0.98722
 12127.900     0.98908
 12128.000     0.99212
 12128.100     0.99502
 12128.200     0.99701
 12128.300     0.99799
 12128.400     0.99834
 12128.500     0.99847
 12128.600     0.99864
 12128.700     0.99894
 12128.800     0.99927
 12128.900     0.99954
 12129.000     0.99969
 12129.100     0.99973
 12129.200     0.99968
 12129.300     0.99954
 12129.400     0.99926
 12129.500     0.99879
 12129.600     0.99810
 12129.700     0.99736
 12129.800     0.99679
 12129.900     0.99622
 12130.000     0.99445
 12130.100     0.98897
 12130.200     0.97740
 12130.300     0.96079
 12130.400     0.94576
 12130.500     0.94093
 12130.600     0.94932
 12130.700     0.96518
 12130.800     0.97927
 12130.900     0.98620
 12131.000     0.98653
 12131.100     0.98439
 12131.200     0.98384
 12131.300     0.98639
 12131.400     0.99078
 12131.500     0.99483
 12131.600     0.99735
 12131.700     0.99843
 12131.800     0.99852
 12131.900     0.99778
 12132.000     0.99629
 12132.100     0.99452
 12132.200     0.99341
 12132.300     0.99369
 12132.400     0.99515
 12132.500     0.99679
 12132.600     0.99761
 12132.700     0.99710
 12132.800     0.99534
 12132.900     0.99307
 12133.000     0.99146
 12133.100     0.99136
 12133.200     0.99266
 12133.300     0.99450
 12133.400     0.99599
 12133.500     0.99646
 12133.600     0.99529
 12133.700     0.99198
 12133.800     0.98691
 12133.900     0.98186
 12134.000     0.97934
 12134.100     0.98058
 12134.200     0.98446
 12134.300     0.98865
 12134.400     0.99169
 12134.500     0.99358
 12134.600     0.99487
 12134.700     0.99586
 12134.800     0.99639
 12134.900     0.99608
 12135.000     0.99457
 12135.100     0.99167
 12135.200     0.98770
 12135.300     0.98381
 12135.400     0.98159
 12135.500     0.98212
 12135.600     0.98514
 12135.700     0.98905
 12135.800     0.99173
 12135.900     0.99083
 12136.000     0.98372
 12136.100     0.96899
 12136.200     0.94977
 12136.300     0.93483
 12136.400     0.93298
 12136.500     0.94505
 12136.600     0.96326
 12136.700     0.97884
 12136.800     0.98833
 12136.900     0.99291
 12137.000     0.99485
 12137.100     0.99556
 12137.200     0.99573
 12137.300     0.99574
 12137.400     0.99586
 12137.500     0.99629
 12137.600     0.99695
 12137.700     0.99752
 12137.800     0.99772
 12137.900     0.99750
 12138.000     0.99705
 12138.100     0.99666
 12138.200     0.99657
 12138.300     0.99682
 12138.400     0.99723
 12138.500     0.99757
 12138.600     0.99781
 12138.700     0.99809
 12138.800     0.99850
 12138.900     0.99889
 12139.000     0.99901
 12139.100     0.99854
 12139.200     0.99719
 12139.300     0.99488
 12139.400     0.99211
 12139.500     0.99005
 12139.600     0.98977
 12139.700     0.99136
 12139.800     0.99388
 12139.900     0.99619
 12140.000     0.99759
 12140.100     0.99789
 12140.200     0.99715
 12140.300     0.99568
 12140.400     0.99401
 12140.500     0.99275
 12140.600     0.99230
 12140.700     0.99284
 12140.800     0.99421
 12140.900     0.99595
 12141.000     0.99745
 12141.100     0.99838
 12141.200     0.99885
 12141.300     0.99913
 12141.400     0.99937
 12141.500     0.99953
 12141.600     0.99946
 12141.700     0.99889
 12141.800     0.99738
 12141.900     0.99454
 12142.000     0.99063
 12142.100     0.98663
 12142.200     0.98358
 12142.300     0.98193
 12142.400     0.98181
 12142.500     0.98352
 12142.600     0.98700
 12142.700     0.99117
 12142.800     0.99466
 12142.900     0.99684
 12143.000     0.99783
 12143.100     0.99783
 12143.200     0.99691
 12143.300     0.99527
 12143.400     0.99350
 12143.500     0.99231
 12143.600     0.99206
 12143.700     0.99262
 12143.800     0.99364
 12143.900     0.99485
 12144.000     0.99613
 12144.100     0.99737
 12144.200     0.99841
 12144.300     0.99912
 12144.400     0.99951
 12144.500     0.99967
 12144.600     0.99969
 12144.700     0.99956
 12144.800     0.99910
 12144.900     0.99800
 12145.000     0.99612
 12145.100     0.99394
 12145.200     0.99249
 12145.300     0.99261
 12145.400     0.99418
 12145.500     0.99626
 12145.600     0.99795
 12145.700     0.99894
 12145.800     0.99931
 12145.900     0.99927
 12146.000     0.99897
 12146.100     0.99860
 12146.200     0.99830
 12146.300     0.99783
 12146.400     0.99624
 12146.500     0.99141
 12146.600     0.98063
 12146.700     0.96319
 12146.800     0.94384
 12146.900     0.93212
 12147.000     0.93515
 12147.100     0.95070
 12147.200     0.96947
 12147.300     0.98364
 12147.400     0.99149
 12147.500     0.99527
 12147.600     0.99729
 12147.700     0.99854
 12147.800     0.99928
 12147.900     0.99966
 12148.000     0.99984
 12148.100     0.99993
 12148.200     0.99997
 12148.300     0.99999
 12148.400     0.99999
 12148.500     0.99999
 12148.600     0.99999
 12148.700     0.99998
 12148.800     0.99998
 12148.900     0.99998
 12149.000     0.99999
 12149.100     0.99999
 12149.200     0.99999
 12149.300     0.99997
 12149.400     0.99994
 12149.500     0.99991
 12149.600     0.99989
 12149.700     0.99989
 12149.800     0.99990
 12149.900     0.99993
 12150.000     0.99994
 12150.100     0.99995
 12150.200     0.99996
 12150.300     0.99997
 12150.400     0.99998
 12150.500     0.99999
 12150.600     1.00000
 12150.700     1.00000
 12150.800     0.99999
 12150.900     0.99998
 12151.000     0.99997
 12151.100     0.99996
 12151.200     0.99996
 12151.300     0.99997
 12151.400     0.99998
 12151.500     0.99998
 12151.600     0.99994
 12151.700     0.99977
 12151.800     0.99934
 12151.900     0.99847
 12152.000     0.99715
 12152.100     0.99572
 12152.200     0.99456
 12152.300     0.99362
 12152.400     0.99240
 12152.500     0.99067
 12152.600     0.98875
 12152.700     0.98676
 12152.800     0.98425
 12152.900     0.98122
 12153.000     0.97936
 12153.100     0.98074
 12153.200     0.98540
 12153.300     0.99111
 12153.400     0.99556
 12153.500     0.99801
 12153.600     0.99901
 12153.700     0.99929
 12153.800     0.99933
 12153.900     0.99933
 12154.000     0.99937
 12154.100     0.99941
 12154.200     0.99941
 12154.300     0.99937
 12154.400     0.99933
 12154.500     0.99930
 12154.600     0.99921
 12154.700     0.99885
 12154.800     0.99751
 12154.900     0.99358
 12155.000     0.98472
 12155.100     0.96986
 12155.200     0.95240
 12155.300     0.94040
 12155.400     0.94107
 12155.500     0.95403
 12155.600     0.97171
 12155.700     0.98621
 12155.800     0.99462
 12155.900     0.99826
 12156.000     0.99949
 12156.100     0.99982
 12156.200     0.99989
 12156.300     0.99989
 12156.400     0.99988
 12156.500     0.99978
 12156.600     0.99946
 12156.700     0.99862
 12156.800     0.99694
 12156.900     0.99445
 12157.000     0.99188
 12157.100     0.99035
 12157.200     0.99052
 12157.300     0.99204
 12157.400     0.99405
 12157.500     0.99593
 12157.600     0.99733
 12157.700     0.99800
 12157.800     0.99777
 12157.900     0.99673
 12158.000     0.99550
 12158.100     0.99495
 12158.200     0.99553
 12158.300     0.99690
 12158.400     0.99832
 12158.500     0.99928
 12158.600     0.99976
 12158.700     0.99993
 12158.800     0.99997
 12158.900     0.99995
 12159.000     0.99991
 12159.100     0.99983
 12159.200     0.99970
 12159.300     0.99950
 12159.400     0.99930
 12159.500     0.99910
 12159.600     0.99882
 12159.700     0.99824
 12159.800     0.99734
 12159.900     0.99644
 12160.000     0.99612
 12160.100     0.99666
 12160.200     0.99773
 12160.300     0.99880
 12160.400     0.99950
 12160.500     0.99983
 12160.600     0.99994
 12160.700     0.99993
 12160.800     0.99978
 12160.900     0.99942
 12161.000     0.99875
 12161.100     0.99776
 12161.200     0.99666
 12161.300     0.99585
 12161.400     0.99567
 12161.500     0.99612
 12161.600     0.99687
 12161.700     0.99759
 12161.800     0.99810
 12161.900     0.99835
 12162.000     0.99826
 12162.100     0.99781
 12162.200     0.99716
 12162.300     0.99663
 12162.400     0.99657
 12162.500     0.99706
 12162.600     0.99781
 12162.700     0.99836
 12162.800     0.99815
 12162.900     0.99648
 12163.000     0.99269
 12163.100     0.98712
 12163.200     0.98185
 12163.300     0.97976
 12163.400     0.98203
 12163.500     0.98710
 12163.600     0.99227
 12163.700     0.99593
 12163.800     0.99799
 12163.900     0.99900
 12164.000     0.99946
 12164.100     0.99964
 12164.200     0.99967
 12164.300     0.99948
 12164.400     0.99879
 12164.500     0.99718
 12164.600     0.99451
 12164.700     0.99144
 12164.800     0.98942
 12164.900     0.98964
 12165.000     0.99190
 12165.100     0.99477
 12165.200     0.99689
 12165.300     0.99787
 12165.400     0.99818
 12165.500     0.99839
 12165.600     0.99873
 12165.700     0.99907
 12165.800     0.99914
 12165.900     0.99864
 12166.000     0.99730
 12166.100     0.99512
 12166.200     0.99274
 12166.300     0.99134
 12166.400     0.99184
 12166.500     0.99391
 12166.600     0.99626
 12166.700     0.99763
 12166.800     0.99726
 12166.900     0.99471
 12167.000     0.99017
 12167.100     0.98504
 12167.200     0.98182
 12167.300     0.98200
 12167.400     0.98384
 12167.500     0.98272
 12167.600     0.97457
 12167.700     0.96012
 12167.800     0.94625
 12167.900     0.94160
 12168.000     0.94904
 12168.100     0.96344
 12168.200     0.97718
 12168.300     0.98619
 12168.400     0.99063
 12168.500     0.99213
 12168.600     0.99204
 12168.700     0.99149
 12168.800     0.99146
 12168.900     0.99245
 12169.000     0.99423
 12169.100     0.99618
 12169.200     0.99774
 12169.300     0.99874
 12169.400     0.99928
 12169.500     0.99954
 12169.600     0.99964
 12169.700     0.99963
 12169.800     0.99949
 12169.900     0.99914
 12170.000     0.99842
 12170.100     0.99730
 12170.200     0.99600
 12170.300     0.99505
 12170.400     0.99475
 12170.500     0.99494
 12170.600     0.99520
 12170.700     0.99531
 12170.800     0.99525
 12170.900     0.99495
 12171.000     0.99452
 12171.100     0.99441
 12171.200     0.99494
 12171.300     0.99585
 12171.400     0.99645
 12171.500     0.99639
 12171.600     0.99597
 12171.700     0.99565
 12171.800     0.99558
 12171.900     0.99556
 12172.000     0.99553
 12172.100     0.99556
 12172.200     0.99547
 12172.300     0.99475
 12172.400     0.99313
 12172.500     0.99123
 12172.600     0.99038
 12172.700     0.99137
 12172.800     0.99370
 12172.900     0.99613
 12173.000     0.99782
 12173.100     0.99865
 12173.200     0.99890
 12173.300     0.99868
 12173.400     0.99751
 12173.500     0.99385
 12173.600     0.98513
 12173.700     0.96983
 12173.800     0.95108
 12173.900     0.93736
 12174.000     0.93685
 12174.100     0.94980
 12174.200     0.96835
 12174.300     0.98389
 12174.400     0.99292
 12174.500     0.99657
 12174.600     0.99736
 12174.700     0.99715
 12174.800     0.99690
 12174.900     0.99693
 12175.000     0.99699
 12175.100     0.99654
 12175.200     0.99471
 12175.300     0.99017
 12175.400     0.98144
 12175.500     0.96839
 12175.600     0.95409
 12175.700     0.94446
 12175.800     0.94450
 12175.900     0.95416
 12176.000     0.96841
 12176.100     0.98139
 12176.200     0.98998
 12176.300     0.99410
 12176.400     0.99492
 12176.500     0.99354
 12176.600     0.99072
 12176.700     0.98725
 12176.800     0.98429
 12176.900     0.98316
 12177.000     0.98458
 12177.100     0.98798
 12177.200     0.99194
 12177.300     0.99516
 12177.400     0.99713
 12177.500     0.99799
 12177.600     0.99800
 12177.700     0.99704
 12177.800     0.99431
 12177.900     0.98821
 12178.000     0.97704
 12178.100     0.96106
 12178.200     0.94456
 12178.300     0.93499
 12178.400     0.93778
 12178.500     0.95152
 12178.600     0.96905
 12178.700     0.98350
 12178.800     0.99229
 12178.900     0.99654
 12179.000     0.99829
 12179.100     0.99898
 12179.200     0.99927
 12179.300     0.99942
 12179.400     0.99951
 12179.500     0.99953
 12179.600     0.99951
 12179.700     0.99944
 12179.800     0.99933
 12179.900     0.99918
 12180.000     0.99890
 12180.100     0.99828
 12180.200     0.99699
 12180.300     0.99482
 12180.400     0.99203
 12180.500     0.98956
 12180.600     0.98858
 12180.700     0.98960
 12180.800     0.99188
 12180.900     0.99407
 12181.000     0.99542
 12181.100     0.99618
 12181.200     0.99691
 12181.300     0.99781
 12181.400     0.99868
 12181.500     0.99928
 12181.600     0.99955
 12181.700     0.99953
 12181.800     0.99925
 12181.900     0.99876
 12182.000     0.99825
 12182.100     0.99798
 12182.200     0.99815
 12182.300     0.99863
 12182.400     0.99913
 12182.500     0.99945
 12182.600     0.99951
 12182.700     0.99932
 12182.800     0.99892
 12182.900     0.99839
 12183.000     0.99789
 12183.100     0.99763
 12183.200     0.99766
 12183.300     0.99781
 12183.400     0.99784
 12183.500     0.99757
 12183.600     0.99710
 12183.700     0.99669
 12183.800     0.99644
 12183.900     0.99581
 12184.000     0.99314
 12184.100     0.98571
 12184.200     0.97150
 12184.300     0.95274
 12184.400     0.93735
 12184.500     0.93409
 12184.600     0.94468
 12184.700     0.96222
 12184.800     0.97806
 12184.900     0.98828
 12185.000     0.99370
 12185.100     0.99645
 12185.200     0.99790
 12185.300     0.99867
 12185.400     0.99904
 12185.500     0.99905
 12185.600     0.99852
 12185.700     0.99713
 12185.800     0.99472
 12185.900     0.99179
 12186.000     0.98962
 12186.100     0.98943
 12186.200     0.99132
 12186.300     0.99418
 12186.400     0.99669
 12186.500     0.99820
 12186.600     0.99875
 12186.700     0.99870
 12186.800     0.99844
 12186.900     0.99829
 12187.000     0.99842
 12187.100     0.99879
 12187.200     0.99917
 12187.300     0.99942
 12187.400     0.99946
 12187.500     0.99926
 12187.600     0.99881
 12187.700     0.99817
 12187.800     0.99752
 12187.900     0.99707
 12188.000     0.99674
 12188.100     0.99618
 12188.200     0.99506
 12188.300     0.99339
 12188.400     0.99144
 12188.500     0.98944
 12188.600     0.98767
 12188.700     0.98630
 12188.800     0.98462
 12188.900     0.98084
 12189.000     0.97363
 12189.100     0.96443
 12189.200     0.95752
 12189.300     0.95693
 12189.400     0.96264
 12189.500     0.96996
 12189.600     0.97128
 12189.700     0.95789
 12189.800     0.92331
 12189.900     0.87118
 12190.000     0.82104
 12190.100     0.79971
 12190.200     0.81987
 12190.300     0.86859
 12190.400     0.91998
 12190.500     0.95650
 12190.600     0.97628
 12190.700     0.98547
 12190.800     0.98944
 12190.900     0.99057
 12191.000     0.98970
 12191.100     0.98717
 12191.200     0.98310
 12191.300     0.97778
 12191.400     0.97236
 12191.500     0.96877
 12191.600     0.96893
 12191.700     0.97341
 12191.800     0.98074
 12191.900     0.98821
 12192.000     0.99364
 12192.100     0.99652
 12192.200     0.99752
 12192.300     0.99744
 12192.400     0.99669
 12192.500     0.99535
 12192.600     0.99343
 12192.700     0.99124
 12192.800     0.98934
 12192.900     0.98832
 12193.000     0.98815
 12193.100     0.98750
 12193.200     0.98360
 12193.300     0.97399
 12193.400     0.95987
 12193.500     0.94773
 12193.600     0.94537
 12193.700     0.95482
 12193.800     0.97039
 12193.900     0.98418
 12194.000     0.99220
 12194.100     0.99516
 12194.200     0.99568
 12194.300     0.99579
 12194.400     0.99624
 12194.500     0.99693
 12194.600     0.99757
 12194.700     0.99810
 12194.800     0.99853
 12194.900     0.99883
 12195.000     0.99880
 12195.100     0.99819
 12195.200     0.99673
 12195.300     0.99444
 12195.400     0.99208
 12195.500     0.99091
 12195.600     0.99170
 12195.700     0.99396
 12195.800     0.99643
 12195.900     0.99816
 12196.000     0.99899
 12196.100     0.99925
 12196.200     0.99922
 12196.300     0.99905
 12196.400     0.99878
 12196.500     0.99849
 12196.600     0.99824
 12196.700     0.99807
 12196.800     0.99787
 12196.900     0.99733
 12197.000     0.99611
 12197.100     0.99419
 12197.200     0.99217
 12197.300     0.99104
 12197.400     0.99146
 12197.500     0.99323
 12197.600     0.99549
 12197.700     0.99740
 12197.800     0.99861
 12197.900     0.99919
 12198.000     0.99934
 12198.100     0.99930
 12198.200     0.99924
 12198.300     0.99927
 12198.400     0.99941
 12198.500     0.99959
 12198.600     0.99971
 12198.700     0.99978
 12198.800     0.99982
 12198.900     0.99984
 12199.000     0.99985
 12199.100     0.99984
 12199.200     0.99974
 12199.300     0.99948
 12199.400     0.99898
 12199.500     0.99828
 12199.600     0.99763
 12199.700     0.99735
 12199.800     0.99760
 12199.900     0.99818
 12200.000     0.99880
 12200.100     0.99925
 12200.200     0.99951
 12200.300     0.99965
 12200.400     0.99971
 12200.500     0.99967
 12200.600     0.99949
 12200.700     0.99919
 12200.800     0.99889
 12200.900     0.99878
 12201.000     0.99893
 12201.100     0.99924
 12201.200     0.99950
 12201.300     0.99944
 12201.400     0.99868
 12201.500     0.99652
 12201.600     0.99227
 12201.700     0.98628
 12201.800     0.98065
 12201.900     0.97814
 12202.000     0.97983
 12202.100     0.98415
 12202.200     0.98864
 12202.300     0.99204
 12202.400     0.99453
 12202.500     0.99654
 12202.600     0.99811
 12202.700     0.99912
 12202.800     0.99963
 12202.900     0.99984
 12203.000     0.99992
 12203.100     0.99996
 12203.200     0.99998
 12203.300     0.99999
 12203.400     0.99999
 12203.500     0.99998
 12203.600     0.99995
 12203.700     0.99993
 12203.800     0.99990
 12203.900     0.99989
 12204.000     0.99988
 12204.100     0.99989
 12204.200     0.99989
 12204.300     0.99989
 12204.400     0.99987
 12204.500     0.99982
 12204.600     0.99971
 12204.700     0.99948
 12204.800     0.99901
 12204.900     0.99805
 12205.000     0.99617
 12205.100     0.99317
 12205.200     0.98956
 12205.300     0.98658
 12205.400     0.98513
 12205.500     0.98467
 12205.600     0.98297
 12205.700     0.97707
 12205.800     0.96575
 12205.900     0.95237
 12206.000     0.94449
 12206.100     0.94803
 12206.200     0.96148
 12206.300     0.97739
 12206.400     0.98921
 12206.500     0.99521
 12206.600     0.99700
 12206.700     0.99674
 12206.800     0.99589
 12206.900     0.99527
 12207.000     0.99522
 12207.100     0.99554
 12207.200     0.99582
 12207.300     0.99592
 12207.400     0.99602
 12207.500     0.99636
 12207.600     0.99696
 12207.700     0.99763
 12207.800     0.99820
 12207.900     0.99860
 12208.000     0.99887
 12208.100     0.99910
 12208.200     0.99930
 12208.300     0.99942
 12208.400     0.99940
 12208.500     0.99913
 12208.600     0.99844
 12208.700     0.99718
 12208.800     0.99548
 12208.900     0.99373
 12209.000     0.99232
 12209.100     0.99143
 12209.200     0.99120
 12209.300     0.99190
 12209.400     0.99348
 12209.500     0.99531
 12209.600     0.99659
 12209.700     0.99687
 12209.800     0.99621
 12209.900     0.99505
 12210.000     0.99406
 12210.100     0.99382
 12210.200     0.99450
 12210.300     0.99573
 12210.400     0.99696
 12210.500     0.99770
 12210.600     0.99755
 12210.700     0.99626
 12210.800     0.99402
 12210.900     0.99172
 12211.000     0.99067
 12211.100     0.99149
 12211.200     0.99355
 12211.300     0.99551
 12211.400     0.99641
 12211.500     0.99618
 12211.600     0.99535
 12211.700     0.99433
 12211.800     0.99239
 12211.900     0.98716
 12212.000     0.97589
 12212.100     0.95900
 12212.200     0.94273
 12212.300     0.93623
 12212.400     0.94380
 12212.500     0.96067
 12212.600     0.97762
 12212.700     0.98844
 12212.800     0.99177
 12212.900     0.98765
 12213.000     0.97474
 12213.100     0.95270
 12213.200     0.92743
 12213.300     0.91130
 12213.400     0.91435
 12213.500     0.93474
 12213.600     0.96060
 12213.700     0.98087
 12213.800     0.99221
 12213.900     0.99702
 12214.000     0.99869
 12214.100     0.99923
 12214.200     0.99943
 12214.300     0.99955
 12214.400     0.99958
 12214.500     0.99948
 12214.600     0.99916
 12214.700     0.99858
 12214.800     0.99786
 12214.900     0.99734
 12215.000     0.99734
 12215.100     0.99785
 12215.200     0.99851
 12215.300     0.99890
 12215.400     0.99874
 12215.500     0.99786
 12215.600     0.99631
 12215.700     0.99444
 12215.800     0.99298
 12215.900     0.99248
 12216.000     0.99278
 12216.100     0.99272
 12216.200     0.99034
 12216.300     0.98403
 12216.400     0.97454
 12216.500     0.96605
 12216.600     0.96384
 12216.700     0.96959
 12216.800     0.97979
 12216.900     0.98927
 12217.000     0.99528
 12217.100     0.99806
 12217.200     0.99902
 12217.300     0.99922
 12217.400     0.99922
 12217.500     0.99924
 12217.600     0.99932
 12217.700     0.99940
 12217.800     0.99946
 12217.900     0.99953
 12218.000     0.99960
 12218.100     0.99967
 12218.200     0.99972
 12218.300     0.99970
 12218.400     0.99953
 12218.500     0.99903
 12218.600     0.99797
 12218.700     0.99634
 12218.800     0.99452
 12218.900     0.99315
 12219.000     0.99264
 12219.100     0.99297
 12219.200     0.99397
 12219.300     0.99535
 12219.400     0.99664
 12219.500     0.99726
 12219.600     0.99701
 12219.700     0.99633
 12219.800     0.99597
 12219.900     0.99636
 12220.000     0.99728
 12220.100     0.99814
 12220.200     0.99859
 12220.300     0.99870
 12220.400     0.99874
 12220.500     0.99886
 12220.600     0.99903
 12220.700     0.99911
 12220.800     0.99901
 12220.900     0.99870
 12221.000     0.99821
 12221.100     0.99770
 12221.200     0.99737
 12221.300     0.99737
 12221.400     0.99769
 12221.500     0.99818
 12221.600     0.99865
 12221.700     0.99888
 12221.800     0.99874
 12221.900     0.99822
 12222.000     0.99742
 12222.100     0.99627
 12222.200     0.99411
 12222.300     0.98949
 12222.400     0.98045
 12222.500     0.96606
 12222.600     0.94896
 12222.700     0.93615
 12222.800     0.93497
 12222.900     0.94636
 12223.000     0.96335
 12223.100     0.97746
 12223.200     0.98529
 12223.300     0.98875
 12223.400     0.99100
 12223.500     0.99346
 12223.600     0.99584
 12223.700     0.99753
 12223.800     0.99834
 12223.900     0.99850
 12224.000     0.99841
 12224.100     0.99840
 12224.200     0.99860
 12224.300     0.99894
 12224.400     0.99924
 12224.500     0.99942
 12224.600     0.99949
 12224.700     0.99950
 12224.800     0.99943
 12224.900     0.99925
 12225.000     0.99895
 12225.100     0.99857
 12225.200     0.99820
 12225.300     0.99784
 12225.400     0.99714
 12225.500     0.99529
 12225.600     0.99129
 12225.700     0.98478
 12225.800     0.97720
 12225.900     0.97182
 12226.000     0.97159
 12226.100     0.97647
 12226.200     0.98342
 12226.300     0.98918
 12226.400     0.99214
 12226.500     0.99164
 12226.600     0.98573
 12226.700     0.96952
 12226.800     0.93746
 12226.900     0.89087
 12227.000     0.84471
 12227.100     0.82227
 12227.200     0.83705
 12227.300     0.88017
 12227.400     0.92879
 12227.500     0.96505
 12227.600     0.98503
 12227.700     0.99369
 12227.800     0.99686
 12227.900     0.99796
 12228.000     0.99836
 12228.100     0.99853
 12228.200     0.99851
 12228.300     0.99830
 12228.400     0.99786
 12228.500     0.99722
 12228.600     0.99642
 12228.700     0.99538
 12228.800     0.99376
 12228.900     0.99070
 12229.000     0.98522
 12229.100     0.97740
 12229.200     0.96949
 12229.300     0.96518
 12229.400     0.96692
 12229.500     0.97391
 12229.600     0.98281
 12229.700     0.99037
 12229.800     0.99518
 12229.900     0.99750
 12230.000     0.99811
 12230.100     0.99752
 12230.200     0.99597
 12230.300     0.99384
 12230.400     0.99181
 12230.500     0.99045
 12230.600     0.98958
 12230.700     0.98816
 12230.800     0.98527
 12230.900     0.98145
 12231.000     0.97899
 12231.100     0.98013
 12231.200     0.98476
 12231.300     0.99044
 12231.400     0.99475
 12231.500     0.99698
 12231.600     0.99779
 12231.700     0.99805
 12231.800     0.99814
 12231.900     0.99792
 12232.000     0.99666
 12232.100     0.99277
 12232.200     0.98379
 12232.300     0.96841
 12232.400     0.94988
 12232.500     0.93657
 12232.600     0.93639
 12232.700     0.94943
 12232.800     0.96782
 12232.900     0.98298
 12233.000     0.99147
 12233.100     0.99458
 12233.200     0.99497
 12233.300     0.99459
 12233.400     0.99433
 12233.500     0.99446
 12233.600     0.99489
 12233.700     0.99527
 12233.800     0.99498
 12233.900     0.99338
 12234.000     0.99054
 12234.100     0.98766
 12234.200     0.98649
 12234.300     0.98782
 12234.400     0.99082
 12234.500     0.99401
 12234.600     0.99645
 12234.700     0.99798
 12234.800     0.99882
 12234.900     0.99920
 12235.000     0.99927
 12235.100     0.99916
 12235.200     0.99898
 12235.300     0.99884
 12235.400     0.99882
 12235.500     0.99892
 12235.600     0.99908
 12235.700     0.99926
 12235.800     0.99944
 12235.900     0.99960
 12236.000     0.99969
 12236.100     0.99964
 12236.200     0.99932
 12236.300     0.99850
 12236.400     0.99697
 12236.500     0.99493
 12236.600     0.99315
 12236.700     0.99255
 12236.800     0.99344
 12236.900     0.99519
 12237.000     0.99689
 12237.100     0.99807
 12237.200     0.99879
 12237.300     0.99923
 12237.400     0.99952
 12237.500     0.99969
 12237.600     0.99973
 12237.700     0.99960
 12237.800     0.99913
 12237.900     0.99818
 12238.000     0.99683
 12238.100     0.99557
 12238.200     0.99506
 12238.300     0.99552
 12238.400     0.99655
 12238.500     0.99754
 12238.600     0.99821
 12238.700     0.99865
 12238.800     0.99898
 12238.900     0.99917
 12239.000     0.99906
 12239.100     0.99858
 12239.200     0.99786
 12239.300     0.99723
 12239.400     0.99696
 12239.500     0.99683
 12239.600     0.99610
 12239.700     0.99416
 12239.800     0.99120
 12239.900     0.98817
 12240.000     0.98592
 12240.100     0.98450
 12240.200     0.98366
 12240.300     0.98382
 12240.400     0.98573
 12240.500     0.98931
 12240.600     0.99327
 12240.700     0.99613
 12240.800     0.99702
 12240.900     0.99555
 12241.000     0.99179
 12241.100     0.98688
 12241.200     0.98327
 12241.300     0.98321
 12241.400     0.98676
 12241.500     0.99172
 12241.600     0.99577
 12241.700     0.99800
 12241.800     0.99866
 12241.900     0.99809
 12242.000     0.99604
 12242.100     0.99186
 12242.200     0.98546
 12242.300     0.97831
 12242.400     0.97316
 12242.500     0.97222
 12242.600     0.97546
 12242.700     0.98104
 12242.800     0.98700
 12242.900     0.99207
 12243.000     0.99570
 12243.100     0.99783
 12243.200     0.99873
 12243.300     0.99870
 12243.400     0.99782
 12243.500     0.99600
 12243.600     0.99348
 12243.700     0.99119
 12243.800     0.99023
 12243.900     0.99090
 12244.000     0.99240
 12244.100     0.99382
 12244.200     0.99485
 12244.300     0.99538
 12244.400     0.99469
 12244.500     0.99069
 12244.600     0.98052
 12244.700     0.96324
 12244.800     0.94341
 12244.900     0.93078
 12245.000     0.93319
 12245.100     0.94911
 12245.200     0.96923
 12245.300     0.98491
 12245.400     0.99354
 12245.500     0.99694
 12245.600     0.99774
 12245.700     0.99760
 12245.800     0.99727
 12245.900     0.99680
 12246.000     0.99574
 12246.100     0.99367
 12246.200     0.99088
 12246.300     0.98852
 12246.400     0.98793
 12246.500     0.98950
 12246.600     0.99233
 12246.700     0.99509
 12246.800     0.99696
 12246.900     0.99796
 12247.000     0.99843
 12247.100     0.99868
 12247.200     0.99885
 12247.300     0.99902
 12247.400     0.99921
 12247.500     0.99942
 12247.600     0.99960
 12247.700     0.99970
 12247.800     0.99973
 12247.900     0.99972
 12248.000     0.99965
 12248.100     0.99952
 12248.200     0.99923
 12248.300     0.99868
 12248.400     0.99779
 12248.500     0.99661
 12248.600     0.99546
 12248.700     0.99474
 12248.800     0.99469
 12248.900     0.99514
 12249.000     0.99547
 12249.100     0.99493
 12249.200     0.99315
 12249.300     0.99078
 12249.400     0.98913
 12249.500     0.98906
 12249.600     0.99026
 12249.700     0.99190
 12249.800     0.99357
 12249.900     0.99531
 12250.000     0.99703
 12250.100     0.99841
 12250.200     0.99924
 12250.300     0.99955
 12250.400     0.99953
 12250.500     0.99933
 12250.600     0.99910
 12250.700     0.99889
 12250.800     0.99849
 12250.900     0.99709
 12251.000     0.99298
 12251.100     0.98385
 12251.200     0.96903
 12251.300     0.95256
 12251.400     0.94264
 12251.500     0.94545
 12251.600     0.95916
 12251.700     0.97575
 12251.800     0.98830
 12251.900     0.99505
 12252.000     0.99781
 12252.100     0.99874
 12252.200     0.99906
 12252.300     0.99926
 12252.400     0.99943
 12252.500     0.99951
 12252.600     0.99943
 12252.700     0.99916
 12252.800     0.99868
 12252.900     0.99802
 12253.000     0.99719
 12253.100     0.99630
 12253.200     0.99559
 12253.300     0.99539
 12253.400     0.99582
 12253.500     0.99672
 12253.600     0.99775
 12253.700     0.99860
 12253.800     0.99915
 12253.900     0.99944
 12254.000     0.99955
 12254.100     0.99956
 12254.200     0.99947
 12254.300     0.99924
 12254.400     0.99873
 12254.500     0.99778
 12254.600     0.99642
 12254.700     0.99510
 12254.800     0.99450
 12254.900     0.99487
 12255.000     0.99576
 12255.100     0.99635
 12255.200     0.99602
 12255.300     0.99424
 12255.400     0.99046
 12255.500     0.98476
 12255.600     0.97902
 12255.700     0.97629
 12255.800     0.97831
 12255.900     0.98380
 12256.000     0.98989
 12256.100     0.99449
 12256.200     0.99722
 12256.300     0.99859
 12256.400     0.99916
 12256.500     0.99917
 12256.600     0.99862
 12256.700     0.99740
 12256.800     0.99569
 12256.900     0.99400
 12257.000     0.99302
 12257.100     0.99312
 12257.200     0.99419
 12257.300     0.99574
 12257.400     0.99717
 12257.500     0.99806
 12257.600     0.99829
 12257.700     0.99795
 12257.800     0.99718
 12257.900     0.99626
 12258.000     0.99563
 12258.100     0.99567
 12258.200     0.99628
 12258.300     0.99669
 12258.400     0.99606
 12258.500     0.99426
 12258.600     0.99223
 12258.700     0.99135
 12258.800     0.99231
 12258.900     0.99447
 12259.000     0.99666
 12259.100     0.99819
 12259.200     0.99906
 12259.300     0.99951
 12259.400     0.99974
 12259.500     0.99984
 12259.600     0.99985
 12259.700     0.99979
 12259.800     0.99959
 12259.900     0.99920
 12260.000     0.99870
 12260.100     0.99827
 12260.200     0.99818
 12260.300     0.99845
 12260.400     0.99887
 12260.500     0.99908
 12260.600     0.99878
 12260.700     0.99769
 12260.800     0.99563
 12260.900     0.99297
 12261.000     0.99085
 12261.100     0.99044
 12261.200     0.99162
 12261.300     0.99250
 12261.400     0.99004
 12261.500     0.98117
 12261.600     0.96483
 12261.700     0.94467
 12261.800     0.92939
 12261.900     0.92725
 12262.000     0.93885
 12262.100     0.95675
 12262.200     0.97237
 12262.300     0.98205
 12262.400     0.98686
 12262.500     0.98936
 12262.600     0.99138
 12262.700     0.99351
 12262.800     0.99558
 12262.900     0.99717
 12263.000     0.99805
 12263.100     0.99837
 12263.200     0.99845
 12263.300     0.99851
 12263.400     0.99862
 12263.500     0.99868
 12263.600     0.99855
 12263.700     0.99785
 12263.800     0.99585
 12263.900     0.99129
 12264.000     0.98319
 12264.100     0.97248
 12264.200     0.96307
 12264.300     0.95986
 12264.400     0.96470
 12264.500     0.97464
 12264.600     0.98474
 12264.700     0.99185
 12264.800     0.99566
 12264.900     0.99734
 12265.000     0.99796
 12265.100     0.99797
 12265.200     0.99741
 12265.300     0.99632
 12265.400     0.99509
 12265.500     0.99433
 12265.600     0.99439
 12265.700     0.99513
 12265.800     0.99614
 12265.900     0.99713
 12266.000     0.99798
 12266.100     0.99860
 12266.200     0.99885
 12266.300     0.99870
 12266.400     0.99829
 12266.500     0.99794
 12266.600     0.99794
 12266.700     0.99835
 12266.800     0.99892
 12266.900     0.99940
 12267.000     0.99967
 12267.100     0.99976
 12267.200     0.99973
 12267.300     0.99953
 12267.400     0.99899
 12267.500     0.99774
 12267.600     0.99536
 12267.700     0.99194
 12267.800     0.98867
 12267.900     0.98711
 12268.000     0.98774
 12268.100     0.98932
 12268.200     0.99033
 12268.300     0.99041
 12268.400     0.99010
 12268.500     0.98987
 12268.600     0.98969
 12268.700     0.98926
 12268.800     0.98846
 12268.900     0.98721
 12269.000     0.98540
 12269.100     0.98284
 12269.200     0.97939
 12269.300     0.97531
 12269.400     0.97117
 12269.500     0.96732
 12269.600     0.96331
 12269.700     0.95803
 12269.800     0.95021
 12269.900     0.93867
 12270.000     0.92192
 12270.100     0.89740
 12270.200     0.86133
 12270.300     0.81022
 12270.400     0.74518
 12270.500     0.67666
 12270.600     0.62389
 12270.700     0.60589
 12270.800     0.62954
 12270.900     0.68470
 12271.000     0.75112
 12271.100     0.81118
 12271.200     0.85761
 12271.300     0.89174
 12271.400     0.91720
 12271.500     0.93629
 12271.600     0.95004
 12271.700     0.95925
 12271.800     0.96444
 12271.900     0.96513
 12272.000     0.96018
 12272.100     0.94995
 12272.200     0.93875
 12272.300     0.93375
 12272.400     0.93928
 12272.500     0.95252
 12272.600     0.96590
 12272.700     0.97325
 12272.800     0.97344
 12272.900     0.96988
 12273.000     0.96768
 12273.100     0.97011
 12273.200     0.97656
 12273.300     0.98377
 12273.400     0.98912
 12273.500     0.99230
 12273.600     0.99433
 12273.700     0.99600
 12273.800     0.99738
 12273.900     0.99822
 12274.000     0.99830
 12274.100     0.99749
 12274.200     0.99590
 12274.300     0.99415
 12274.400     0.99326
 12274.500     0.99384
 12274.600     0.99551
 12274.700     0.99730
 12274.800     0.99854
 12274.900     0.99916
 12275.000     0.99943
 12275.100     0.99958
 12275.200     0.99966
 12275.300     0.99966
 12275.400     0.99957
 12275.500     0.99941
 12275.600     0.99920
 12275.700     0.99885
 12275.800     0.99802
 12275.900     0.99641
 12276.000     0.99406
 12276.100     0.99172
 12276.200     0.99039
 12276.300     0.99061
 12276.400     0.99196
 12276.500     0.99348
 12276.600     0.99447
 12276.700     0.99493
 12276.800     0.99517
 12276.900     0.99524
 12277.000     0.99489
 12277.100     0.99415
 12277.200     0.99343
 12277.300     0.99294
 12277.400     0.99224
 12277.500     0.99084
 12277.600     0.98893
 12277.700     0.98723
 12277.800     0.98628
 12277.900     0.98629
 12278.000     0.98754
 12278.100     0.99012
 12278.200     0.99337
 12278.300     0.99619
 12278.400     0.99784
 12278.500     0.99817
 12278.600     0.99721
 12278.700     0.99500
 12278.800     0.99209
 12278.900     0.98976
 12279.000     0.98932
 12279.100     0.99079
 12279.200     0.99285
 12279.300     0.99419
 12279.400     0.99467
 12279.500     0.99503
 12279.600     0.99581
 12279.700     0.99685
 12279.800     0.99770
 12279.900     0.99818
 12280.000     0.99838
 12280.100     0.99838
 12280.200     0.99801
 12280.300     0.99693
 12280.400     0.99497
 12280.500     0.99253
 12280.600     0.99054
 12280.700     0.98994
 12280.800     0.99094
 12280.900     0.99274
 12281.000     0.99386
 12281.100     0.99295
 12281.200     0.98973
 12281.300     0.98558
 12281.400     0.98303
 12281.500     0.98382
 12281.600     0.98724
 12281.700     0.99064
 12281.800     0.99164
 12281.900     0.98973
 12282.000     0.98650
 12282.100     0.98446
 12282.200     0.98531
 12282.300     0.98866
 12282.400     0.99266
 12282.500     0.99569
 12282.600     0.99718
 12282.700     0.99711
 12282.800     0.99513
 12282.900     0.99000
 12283.000     0.98039
 12283.100     0.96703
 12283.200     0.95449
 12283.300     0.94925
 12283.400     0.95447
 12283.500     0.96686
 12283.600     0.97987
 12283.700     0.98897
 12283.800     0.99366
 12283.900     0.99568
 12284.000     0.99648
 12284.100     0.99617
 12284.200     0.99338
 12284.300     0.98601
 12284.400     0.97341
 12284.500     0.95909
 12284.600     0.95027
 12284.700     0.95249
 12284.800     0.96431
 12284.900     0.97881
 12285.000     0.98985
 12285.100     0.99582
 12285.200     0.99823
 12285.300     0.99903
 12285.400     0.99931
 12285.500     0.99946
 12285.600     0.99957
 12285.700     0.99963
 12285.800     0.99965
 12285.900     0.99962
 12286.000     0.99951
 12286.100     0.99932
 12286.200     0.99910
 12286.300     0.99897
 12286.400     0.99899
 12286.500     0.99908
 12286.600     0.99916
 12286.700     0.99917
 12286.800     0.99915
 12286.900     0.99915
 12287.000     0.99914
 12287.100     0.99905
 12287.200     0.99876
 12287.300     0.99827
 12287.400     0.99772
 12287.500     0.99736
 12287.600     0.99726
 12287.700     0.99722
 12287.800     0.99693
 12287.900     0.99617
 12288.000     0.99500
 12288.100     0.99381
 12288.200     0.99326
 12288.300     0.99375
 12288.400     0.99505
 12288.500     0.99638
 12288.600     0.99697
 12288.700     0.99660
 12288.800     0.99565
 12288.900     0.99476
 12289.000     0.99433
 12289.100     0.99425
 12289.200     0.99409
 12289.300     0.99358
 12289.400     0.99271
 12289.500     0.99171
 12289.600     0.99103
 12289.700     0.99117
 12289.800     0.99213
 12289.900     0.99326
 12290.000     0.99391
 12290.100     0.99413
 12290.200     0.99444
 12290.300     0.99519
 12290.400     0.99621
 12290.500     0.99717
 12290.600     0.99780
 12290.700     0.99787
 12290.800     0.99671
 12290.900     0.99269
 12291.000     0.98339
 12291.100     0.96786
 12291.200     0.94973
 12291.300     0.93708
 12291.400     0.93675
 12291.500     0.94828
 12291.600     0.96484
 12291.700     0.97950
 12291.800     0.98931
 12291.900     0.99471
 12292.000     0.99727
 12292.100     0.99835
 12292.200     0.99882
 12292.300     0.99909
 12292.400     0.99919
 12292.500     0.99899
 12292.600     0.99835
 12292.700     0.99726
 12292.800     0.99600
 12292.900     0.99497
 12293.000     0.99429
 12293.100     0.99360
 12293.200     0.99246
 12293.300     0.99087
 12293.400     0.98950
 12293.500     0.98930
 12293.600     0.99069
 12293.700     0.99315
 12293.800     0.99561
 12293.900     0.99736
 12294.000     0.99832
 12294.100     0.99873
 12294.200     0.99879
 12294.300     0.99868
 12294.400     0.99856
 12294.500     0.99848
 12294.600     0.99819
 12294.700     0.99731
 12294.800     0.99560
 12294.900     0.99329
 12295.000     0.99109
 12295.100     0.98967
 12295.200     0.98930
 12295.300     0.98986
 12295.400     0.99114
 12295.500     0.99285
 12295.600     0.99467
 12295.700     0.99625
 12295.800     0.99738
 12295.900     0.99805
 12296.000     0.99837
 12296.100     0.99849
 12296.200     0.99851
 12296.300     0.99843
 12296.400     0.99807
 12296.500     0.99705
 12296.600     0.99471
 12296.700     0.98987
 12296.800     0.98060
 12296.900     0.96530
 12297.000     0.94549
 12297.100     0.92775
 12297.200     0.92068
 12297.300     0.92791
 12297.400     0.94498
 12297.500     0.96378
 12297.600     0.97876
 12297.700     0.98850
 12297.800     0.99381
 12297.900     0.99602
 12298.000     0.99635
 12298.100     0.99597
 12298.200     0.99579
 12298.300     0.99619
 12298.400     0.99700
 12298.500     0.99772
 12298.600     0.99781
 12298.700     0.99702
 12298.800     0.99559
 12298.900     0.99427
 12299.000     0.99391
 12299.100     0.99468
 12299.200     0.99587
 12299.300     0.99635
 12299.400     0.99530
 12299.500     0.99276
 12299.600     0.98979
 12299.700     0.98802
 12299.800     0.98836
 12299.900     0.99001
 12300.000     0.99092
 12300.100     0.98943
 12300.200     0.98575
 12300.300     0.98211
 12300.400     0.98114
 12300.500     0.98368
 12300.600     0.98802
 12300.700     0.99143
 12300.800     0.99216
 12300.900     0.99019
 12301.000     0.98676
 12301.100     0.98345
 12301.200     0.98089
 12301.300     0.97759
 12301.400     0.97065
 12301.500     0.95904
 12301.600     0.94685
 12301.700     0.94175
 12301.800     0.94836
 12301.900     0.96349
 12302.000     0.97940
 12302.100     0.99052
 12302.200     0.99617
 12302.300     0.99840
 12302.400     0.99917
 12302.500     0.99944
 12302.600     0.99955
 12302.700     0.99957
 12302.800     0.99956
 12302.900     0.99955
 12303.000     0.99960
 12303.100     0.99969
 12303.200     0.99978
 12303.300     0.99985
 12303.400     0.99989
 12303.500     0.99991
 12303.600     0.99991
 12303.700     0.99991
 12303.800     0.99988
 12303.900     0.99980
 12304.000     0.99964
 12304.100     0.99937
 12304.200     0.99900
 12304.300     0.99863
 12304.400     0.99838
 12304.500     0.99829
 12304.600     0.99823
 12304.700     0.99800
 12304.800     0.99743
 12304.900     0.99664
 12305.000     0.99600
 12305.100     0.99584
 12305.200     0.99614
 12305.300     0.99653
 12305.400     0.99675
 12305.500     0.99687
 12305.600     0.99711
 12305.700     0.99753
 12305.800     0.99799
 12305.900     0.99837
 12306.000     0.99865
 12306.100     0.99877
 12306.200     0.99867
 12306.300     0.99832
 12306.400     0.99787
 12306.500     0.99762
 12306.600     0.99778
 12306.700     0.99830
 12306.800     0.99887
 12306.900     0.99925
 12307.000     0.99940
 12307.100     0.99943
 12307.200     0.99945
 12307.300     0.99952
 12307.400     0.99963
 12307.500     0.99974
 12307.600     0.99980
 12307.700     0.99980
 12307.800     0.99970
 12307.900     0.99949
 12308.000     0.99917
 12308.100     0.99889
 12308.200     0.99879
 12308.300     0.99894
 12308.400     0.99924
 12308.500     0.99950
 12308.600     0.99960
 12308.700     0.99941
 12308.800     0.99881
 12308.900     0.99768
 12309.000     0.99610
 12309.100     0.99455
 12309.200     0.99374
 12309.300     0.99407
 12309.400     0.99534
 12309.500     0.99691
 12309.600     0.99821
 12309.700     0.99900
 12309.800     0.99932
 12309.900     0.99929
 12310.000     0.99896
 12310.100     0.99831
 12310.200     0.99719
 12310.300     0.99552
 12310.400     0.99348
 12310.500     0.99161
 12310.600     0.99067
 12310.700     0.99109
 12310.800     0.99257
 12310.900     0.99400
 12311.000     0.99397
 12311.100     0.99120
 12311.200     0.98520
 12311.300     0.97719
 12311.400     0.97038
 12311.500     0.96840
 12311.600     0.97236
 12311.700     0.97979
 12311.800     0.98660
 12311.900     0.98981
 12312.000     0.98882
 12312.100     0.98509
 12312.200     0.98114
 12312.300     0.97878
 12312.400     0.97737
 12312.500     0.97384
 12312.600     0.96566
 12312.700     0.95458
 12312.800     0.94704
 12312.900     0.94906
 12313.000     0.96028
 12313.100     0.97427
 12313.200     0.98471
 12313.300     0.98988
 12313.400     0.99179
 12313.500     0.99276
 12313.600     0.99343
 12313.700     0.99323
 12313.800     0.99185
 12313.900     0.98998
 12314.000     0.98886
 12314.100     0.98930
 12314.200     0.99100
 12314.300     0.99294
 12314.400     0.99422
 12314.500     0.99458
 12314.600     0.99433
 12314.700     0.99399
 12314.800     0.99410
 12314.900     0.99494
 12315.000     0.99634
 12315.100     0.99769
 12315.200     0.99849
 12315.300     0.99864
 12315.400     0.99839
 12315.500     0.99814
 12315.600     0.99816
 12315.700     0.99845
 12315.800     0.99883
 12315.900     0.99912
 12316.000     0.99916
 12316.100     0.99876
 12316.200     0.99762
 12316.300     0.99546
 12316.400     0.99241
 12316.500     0.98947
 12316.600     0.98807
 12316.700     0.98891
 12316.800     0.99123
 12316.900     0.99342
 12317.000     0.99428
 12317.100     0.99361
 12317.200     0.99205
 12317.300     0.99077
 12317.400     0.99070
 12317.500     0.99179
 12317.600     0.99322
 12317.700     0.99440
 12317.800     0.99543
 12317.900     0.99659
 12318.000     0.99776
 12318.100     0.99865
 12318.200     0.99915
 12318.300     0.99938
 12318.400     0.99945
 12318.500     0.99943
 12318.600     0.99924
 12318.700     0.99875
 12318.800     0.99782
 12318.900     0.99644
 12319.000     0.99494
 12319.100     0.99386
 12319.200     0.99356
 12319.300     0.99375
 12319.400     0.99339
 12319.500     1.00000
 12319.600     1.00000
 12319.700     1.00000
 12319.800     1.00000
 12319.900     1.00000
 12320.000     1.00000
