the number of points per synthesis =   2801
start =  12320.000     stop =  12600.000     step =      0.100
 12320.000     1.00000
 12320.100     1.00000
 12320.200     1.00000
 12320.300     1.00000
 12320.400     1.00000
 12320.500     1.00000
 12320.600     0.98236
 12320.700     0.99087
 12320.800     0.99496
 12320.900     0.99633
 12321.000     0.99625
 12321.100     0.99568
 12321.200     0.99544
 12321.300     0.99593
 12321.400     0.99687
 12321.500     0.99762
 12321.600     0.99767
 12321.700     0.99699
 12321.800     0.99591
 12321.900     0.99482
 12322.000     0.99370
 12322.100     0.99200
 12322.200     0.98927
 12322.300     0.98614
 12322.400     0.98436
 12322.500     0.98536
 12322.600     0.98874
 12322.700     0.99268
 12322.800     0.99563
 12322.900     0.99729
 12323.000     0.99818
 12323.100     0.99879
 12323.200     0.99924
 12323.300     0.99955
 12323.400     0.99972
 12323.500     0.99980
 12323.600     0.99984
 12323.700     0.99984
 12323.800     0.99980
 12323.900     0.99967
 12324.000     0.99942
 12324.100     0.99898
 12324.200     0.99843
 12324.300     0.99793
 12324.400     0.99759
 12324.500     0.99703
 12324.600     0.99517
 12324.700     0.99024
 12324.800     0.98073
 12324.900     0.96740
 12325.000     0.95477
 12325.100     0.94936
 12325.200     0.95454
 12325.300     0.96720
 12325.400     0.98067
 12325.500     0.99019
 12325.600     0.99517
 12325.700     0.99732
 12325.800     0.99827
 12325.900     0.99864
 12326.000     0.99852
 12326.100     0.99787
 12326.200     0.99676
 12326.300     0.99558
 12326.400     0.99490
 12326.500     0.99513
 12326.600     0.99614
 12326.700     0.99739
 12326.800     0.99837
 12326.900     0.99888
 12327.000     0.99896
 12327.100     0.99865
 12327.200     0.99785
 12327.300     0.99644
 12327.400     0.99450
 12327.500     0.99251
 12327.600     0.99123
 12327.700     0.99127
 12327.800     0.99268
 12327.900     0.99482
 12328.000     0.99687
 12328.100     0.99830
 12328.200     0.99907
 12328.300     0.99938
 12328.400     0.99949
 12328.500     0.99954
 12328.600     0.99958
 12328.700     0.99963
 12328.800     0.99968
 12328.900     0.99974
 12329.000     0.99979
 12329.100     0.99983
 12329.200     0.99986
 12329.300     0.99987
 12329.400     0.99988
 12329.500     0.99988
 12329.600     0.99987
 12329.700     0.99984
 12329.800     0.99976
 12329.900     0.99958
 12330.000     0.99922
 12330.100     0.99867
 12330.200     0.99803
 12330.300     0.99755
 12330.400     0.99737
 12330.500     0.99739
 12330.600     0.99720
 12330.700     0.99628
 12330.800     0.99443
 12330.900     0.99207
 12331.000     0.99019
 12331.100     0.98969
 12331.200     0.99064
 12331.300     0.99211
 12331.400     0.99252
 12331.500     0.98995
 12331.600     0.98228
 12331.700     0.96823
 12331.800     0.94973
 12331.900     0.93326
 12332.000     0.92711
 12332.100     0.93506
 12332.200     0.95290
 12332.300     0.97195
 12332.400     0.98553
 12332.500     0.99183
 12332.600     0.99186
 12332.700     0.98686
 12332.800     0.97823
 12332.900     0.96901
 12333.000     0.96358
 12333.100     0.96474
 12333.200     0.97121
 12333.300     0.97901
 12333.400     0.98515
 12333.500     0.98926
 12333.600     0.99228
 12333.700     0.99463
 12333.800     0.99596
 12333.900     0.99583
 12334.000     0.99432
 12334.100     0.99215
 12334.200     0.99047
 12334.300     0.99027
 12334.400     0.99165
 12334.500     0.99378
 12334.600     0.99552
 12334.700     0.99620
 12334.800     0.99583
 12334.900     0.99494
 12335.000     0.99415
 12335.100     0.99379
 12335.200     0.99371
 12335.300     0.99358
 12335.400     0.99326
 12335.500     0.99298
 12335.600     0.99309
 12335.700     0.99375
 12335.800     0.99476
 12335.900     0.99560
 12336.000     0.99568
 12336.100     0.99468
 12336.200     0.99287
 12336.300     0.99116
 12336.400     0.99071
 12336.500     0.99185
 12336.600     0.99377
 12336.700     0.99522
 12336.800     0.99567
 12336.900     0.99561
 12337.000     0.99585
 12337.100     0.99667
 12337.200     0.99768
 12337.300     0.99828
 12337.400     0.99810
 12337.500     0.99708
 12337.600     0.99540
 12337.700     0.99329
 12337.800     0.99084
 12337.900     0.98811
 12338.000     0.98552
 12338.100     0.98402
 12338.200     0.98450
 12338.300     0.98690
 12338.400     0.99015
 12338.500     0.99310
 12338.600     0.99519
 12338.700     0.99637
 12338.800     0.99662
 12338.900     0.99595
 12339.000     0.99467
 12339.100     0.99335
 12339.200     0.99244
 12339.300     0.99194
 12339.400     0.99154
 12339.500     0.99116
 12339.600     0.99097
 12339.700     0.99116
 12339.800     0.99167
 12339.900     0.99224
 12340.000     0.99225
 12340.100     0.99046
 12340.200     0.98563
 12340.300     0.97822
 12340.400     0.97145
 12340.500     0.96962
 12340.600     0.97429
 12340.700     0.98277
 12340.800     0.99081
 12340.900     0.99599
 12341.000     0.99837
 12341.100     0.99903
 12341.200     0.99882
 12341.300     0.99818
 12341.400     0.99748
 12341.500     0.99708
 12341.600     0.99714
 12341.700     0.99740
 12341.800     0.99707
 12341.900     0.99473
 12342.000     0.98833
 12342.100     0.97634
 12342.200     0.96012
 12342.300     0.94469
 12342.400     0.93477
 12342.500     0.92812
 12342.600     0.91531
 12342.700     0.89007
 12342.800     0.86023
 12342.900     0.84495
 12343.000     0.85786
 12343.100     0.89403
 12343.200     0.93539
 12343.300     0.96663
 12343.400     0.98383
 12343.500     0.99111
 12343.600     0.99380
 12343.700     0.99498
 12343.800     0.99573
 12343.900     0.99628
 12344.000     0.99664
 12344.100     0.99695
 12344.200     0.99734
 12344.300     0.99788
 12344.400     0.99850
 12344.500     0.99905
 12344.600     0.99938
 12344.700     0.99941
 12344.800     0.99904
 12344.900     0.99808
 12345.000     0.99647
 12345.100     0.99458
 12345.200     0.99324
 12345.300     0.99317
 12345.400     0.99431
 12345.500     0.99584
 12345.600     0.99677
 12345.700     0.99663
 12345.800     0.99565
 12345.900     0.99466
 12346.000     0.99453
 12346.100     0.99548
 12346.200     0.99695
 12346.300     0.99810
 12346.400     0.99843
 12346.500     0.99791
 12346.600     0.99690
 12346.700     0.99597
 12346.800     0.99557
 12346.900     0.99583
 12347.000     0.99646
 12347.100     0.99707
 12347.200     0.99730
 12347.300     0.99694
 12347.400     0.99598
 12347.500     0.99478
 12347.600     0.99390
 12347.700     0.99382
 12347.800     0.99457
 12347.900     0.99572
 12348.000     0.99664
 12348.100     0.99674
 12348.200     0.99580
 12348.300     0.99422
 12348.400     0.99295
 12348.500     0.99293
 12348.600     0.99428
 12348.700     0.99628
 12348.800     0.99803
 12348.900     0.99910
 12349.000     0.99955
 12349.100     0.99964
 12349.200     0.99957
 12349.300     0.99950
 12349.400     0.99950
 12349.500     0.99958
 12349.600     0.99967
 12349.700     0.99970
 12349.800     0.99959
 12349.900     0.99934
 12350.000     0.99900
 12350.100     0.99868
 12350.200     0.99851
 12350.300     0.99852
 12350.400     0.99859
 12350.500     0.99852
 12350.600     0.99812
 12350.700     0.99738
 12350.800     0.99649
 12350.900     0.99564
 12351.000     0.99497
 12351.100     0.99466
 12351.200     0.99492
 12351.300     0.99582
 12351.400     0.99704
 12351.500     0.99808
 12351.600     0.99863
 12351.700     0.99869
 12351.800     0.99847
 12351.900     0.99813
 12352.000     0.99771
 12352.100     0.99712
 12352.200     0.99632
 12352.300     0.99549
 12352.400     0.99506
 12352.500     0.99536
 12352.600     0.99626
 12352.700     0.99714
 12352.800     0.99743
 12352.900     0.99700
 12353.000     0.99629
 12353.100     0.99590
 12353.200     0.99620
 12353.300     0.99702
 12353.400     0.99787
 12353.500     0.99807
 12353.600     0.99663
 12353.700     0.99195
 12353.800     0.98224
 12353.900     0.96740
 12354.000     0.95128
 12354.100     0.94106
 12354.200     0.94240
 12354.300     0.95446
 12354.400     0.97049
 12354.500     0.98353
 12354.600     0.99103
 12354.700     0.99440
 12354.800     0.99601
 12354.900     0.99713
 12355.000     0.99797
 12355.100     0.99842
 12355.200     0.99848
 12355.300     0.99830
 12355.400     0.99797
 12355.500     0.99743
 12355.600     0.99662
 12355.700     0.99577
 12355.800     0.99536
 12355.900     0.99578
 12356.000     0.99686
 12356.100     0.99805
 12356.200     0.99883
 12356.300     0.99891
 12356.400     0.99813
 12356.500     0.99630
 12356.600     0.99356
 12356.700     0.99076
 12356.800     0.98917
 12356.900     0.98963
 12357.000     0.99183
 12357.100     0.99467
 12357.200     0.99708
 12357.300     0.99864
 12357.400     0.99943
 12357.500     0.99976
 12357.600     0.99986
 12357.700     0.99989
 12357.800     0.99990
 12357.900     0.99990
 12358.000     0.99989
 12358.100     0.99986
 12358.200     0.99976
 12358.300     0.99950
 12358.400     0.99897
 12358.500     0.99813
 12358.600     0.99716
 12358.700     0.99646
 12358.800     0.99639
 12358.900     0.99694
 12359.000     0.99762
 12359.100     0.99779
 12359.200     0.99692
 12359.300     0.99503
 12359.400     0.99284
 12359.500     0.99148
 12359.600     0.99164
 12359.700     0.99299
 12359.800     0.99470
 12359.900     0.99621
 12360.000     0.99741
 12360.100     0.99832
 12360.200     0.99887
 12360.300     0.99906
 12360.400     0.99902
 12360.500     0.99891
 12360.600     0.99882
 12360.700     0.99873
 12360.800     0.99858
 12360.900     0.99826
 12361.000     0.99756
 12361.100     0.99635
 12361.200     0.99481
 12361.300     0.99345
 12361.400     0.99273
 12361.500     0.99263
 12361.600     0.99260
 12361.700     0.99202
 12361.800     0.99080
 12361.900     0.98945
 12362.000     0.98857
 12362.100     0.98855
 12362.200     0.98950
 12362.300     0.99132
 12362.400     0.99360
 12362.500     0.99570
 12362.600     0.99718
 12362.700     0.99802
 12362.800     0.99852
 12362.900     0.99885
 12363.000     0.99900
 12363.100     0.99890
 12363.200     0.99861
 12363.300     0.99827
 12363.400     0.99796
 12363.500     0.99770
 12363.600     0.99750
 12363.700     0.99734
 12363.800     0.99689
 12363.900     0.99552
 12364.000     0.99275
 12364.100     0.98918
 12364.200     0.98654
 12364.300     0.98650
 12364.400     0.98905
 12364.500     0.99257
 12364.600     0.99535
 12364.700     0.99689
 12364.800     0.99766
 12364.900     0.99823
 12365.000     0.99874
 12365.100     0.99902
 12365.200     0.99890
 12365.300     0.99830
 12365.400     0.99724
 12365.500     0.99577
 12365.600     0.99397
 12365.700     0.99196
 12365.800     0.98990
 12365.900     0.98755
 12366.000     0.98358
 12366.100     0.97620
 12366.200     0.96565
 12366.300     0.95620
 12366.400     0.95383
 12366.500     0.96079
 12366.600     0.97333
 12366.700     0.98532
 12366.800     0.99320
 12366.900     0.99696
 12367.000     0.99817
 12367.100     0.99807
 12367.200     0.99725
 12367.300     0.99617
 12367.400     0.99525
 12367.500     0.99474
 12367.600     0.99455
 12367.700     0.99456
 12367.800     0.99489
 12367.900     0.99571
 12368.000     0.99684
 12368.100     0.99782
 12368.200     0.99828
 12368.300     0.99826
 12368.400     0.99805
 12368.500     0.99800
 12368.600     0.99824
 12368.700     0.99867
 12368.800     0.99907
 12368.900     0.99932
 12369.000     0.99933
 12369.100     0.99903
 12369.200     0.99813
 12369.300     0.99613
 12369.400     0.99252
 12369.500     0.98756
 12369.600     0.98283
 12369.700     0.98056
 12369.800     0.98171
 12369.900     0.98496
 12370.000     0.98786
 12370.100     0.98889
 12370.200     0.98828
 12370.300     0.98737
 12370.400     0.98753
 12370.500     0.98928
 12370.600     0.99210
 12370.700     0.99493
 12370.800     0.99703
 12370.900     0.99830
 12371.000     0.99900
 12371.100     0.99940
 12371.200     0.99964
 12371.300     0.99977
 12371.400     0.99981
 12371.500     0.99977
 12371.600     0.99961
 12371.700     0.99934
 12371.800     0.99905
 12371.900     0.99888
 12372.000     0.99894
 12372.100     0.99916
 12372.200     0.99939
 12372.300     0.99951
 12372.400     0.99949
 12372.500     0.99941
 12372.600     0.99933
 12372.700     0.99924
 12372.800     0.99907
 12372.900     0.99866
 12373.000     0.99754
 12373.100     0.99447
 12373.200     0.98750
 12373.300     0.97565
 12373.400     0.96151
 12373.500     0.95148
 12373.600     0.95142
 12373.700     0.96125
 12373.800     0.97495
 12373.900     0.98606
 12374.000     0.99215
 12374.100     0.99460
 12374.200     0.99566
 12374.300     0.99657
 12374.400     0.99746
 12374.500     0.99814
 12374.600     0.99857
 12374.700     0.99887
 12374.800     0.99916
 12374.900     0.99945
 12375.000     0.99968
 12375.100     0.99982
 12375.200     0.99991
 12375.300     0.99995
 12375.400     0.99998
 12375.500     0.99999
 12375.600     1.00000
 12375.700     1.00000
 12375.800     1.00000
 12375.900     0.99998
 12376.000     0.99990
 12376.100     0.99964
 12376.200     0.99896
 12376.300     0.99761
 12376.400     0.99562
 12376.500     0.99360
 12376.600     0.99250
 12376.700     0.99283
 12376.800     0.99412
 12376.900     0.99523
 12377.000     0.99531
 12377.100     0.99437
 12377.200     0.99305
 12377.300     0.99205
 12377.400     0.99152
 12377.500     0.99107
 12377.600     0.99037
 12377.700     0.98975
 12377.800     0.99003
 12377.900     0.99168
 12378.000     0.99423
 12378.100     0.99660
 12378.200     0.99801
 12378.300     0.99828
 12378.400     0.99771
 12378.500     0.99671
 12378.600     0.99563
 12378.700     0.99467
 12378.800     0.99396
 12378.900     0.99375
 12379.000     0.99430
 12379.100     0.99559
 12379.200     0.99715
 12379.300     0.99844
 12379.400     0.99914
 12379.500     0.99921
 12379.600     0.99868
 12379.700     0.99767
 12379.800     0.99652
 12379.900     0.99572
 12380.000     0.99553
 12380.100     0.99574
 12380.200     0.99593
 12380.300     0.99596
 12380.400     0.99601
 12380.500     0.99625
 12380.600     0.99655
 12380.700     0.99662
 12380.800     0.99632
 12380.900     0.99576
 12381.000     0.99525
 12381.100     0.99491
 12381.200     0.99444
 12381.300     0.99341
 12381.400     0.99202
 12381.500     0.99112
 12381.600     0.99133
 12381.700     0.99223
 12381.800     0.99290
 12381.900     0.99305
 12382.000     0.99331
 12382.100     0.99433
 12382.200     0.99599
 12382.300     0.99762
 12382.400     0.99860
 12382.500     0.99872
 12382.600     0.99810
 12382.700     0.99711
 12382.800     0.99628
 12382.900     0.99612
 12383.000     0.99668
 12383.100     0.99751
 12383.200     0.99791
 12383.300     0.99707
 12383.400     0.99388
 12383.500     0.98673
 12383.600     0.97483
 12383.700     0.96062
 12383.800     0.95028
 12383.900     0.94974
 12384.000     0.95935
 12384.100     0.97361
 12384.200     0.98611
 12384.300     0.99392
 12384.400     0.99764
 12384.500     0.99906
 12384.600     0.99945
 12384.700     0.99936
 12384.800     0.99887
 12384.900     0.99796
 12385.000     0.99689
 12385.100     0.99617
 12385.200     0.99622
 12385.300     0.99699
 12385.400     0.99799
 12385.500     0.99867
 12385.600     0.99874
 12385.700     0.99819
 12385.800     0.99732
 12385.900     0.99663
 12386.000     0.99659
 12386.100     0.99725
 12386.200     0.99824
 12386.300     0.99910
 12386.400     0.99963
 12386.500     0.99986
 12386.600     0.99992
 12386.700     0.99988
 12386.800     0.99972
 12386.900     0.99934
 12387.000     0.99866
 12387.100     0.99776
 12387.200     0.99699
 12387.300     0.99679
 12387.400     0.99726
 12387.500     0.99808
 12387.600     0.99873
 12387.700     0.99889
 12387.800     0.99842
 12387.900     0.99723
 12388.000     0.99505
 12388.100     0.99176
 12388.200     0.98788
 12388.300     0.98483
 12388.400     0.98403
 12388.500     0.98575
 12388.600     0.98895
 12388.700     0.99229
 12388.800     0.99492
 12388.900     0.99659
 12389.000     0.99739
 12389.100     0.99758
 12389.200     0.99734
 12389.300     0.99651
 12389.400     0.99449
 12389.500     0.99043
 12389.600     0.98302
 12389.700     0.96986
 12389.800     0.94760
 12389.900     0.91525
 12390.000     0.87962
 12390.100     0.85550
 12390.200     0.85627
 12390.300     0.88240
 12390.400     0.92069
 12390.500     0.95528
 12390.600     0.97805
 12390.700     0.98969
 12390.800     0.99455
 12390.900     0.99619
 12391.000     0.99641
 12391.100     0.99572
 12391.200     0.99388
 12391.300     0.99059
 12391.400     0.98648
 12391.500     0.98331
 12391.600     0.98293
 12391.700     0.98562
 12391.800     0.98982
 12391.900     0.99354
 12392.000     0.99577
 12392.100     0.99670
 12392.200     0.99704
 12392.300     0.99740
 12392.400     0.99786
 12392.500     0.99807
 12392.600     0.99733
 12392.700     0.99469
 12392.800     0.98945
 12392.900     0.98224
 12393.000     0.97554
 12393.100     0.97247
 12393.200     0.97438
 12393.300     0.97994
 12393.400     0.98652
 12393.500     0.99203
 12393.600     0.99564
 12393.700     0.99749
 12393.800     0.99799
 12393.900     0.99747
 12394.000     0.99625
 12394.100     0.99482
 12394.200     0.99390
 12394.300     0.99400
 12394.400     0.99498
 12394.500     0.99619
 12394.600     0.99705
 12394.700     0.99733
 12394.800     0.99710
 12394.900     0.99648
 12395.000     0.99536
 12395.100     0.99322
 12395.200     0.98866
 12395.300     0.97881
 12395.400     0.95916
 12395.500     0.92566
 12395.600     0.88004
 12395.700     0.83425
 12395.800     0.80672
 12395.900     0.80941
 12396.000     0.83752
 12396.100     0.87398
 12396.200     0.90435
 12396.300     0.92566
 12396.400     0.94186
 12396.500     0.95536
 12396.600     0.96551
 12396.700     0.97220
 12396.800     0.97712
 12396.900     0.98167
 12397.000     0.98594
 12397.100     0.98955
 12397.200     0.99249
 12397.300     0.99481
 12397.400     0.99641
 12397.500     0.99725
 12397.600     0.99750
 12397.700     0.99726
 12397.800     0.99647
 12397.900     0.99520
 12398.000     0.99395
 12398.100     0.99345
 12398.200     0.99405
 12398.300     0.99535
 12398.400     0.99648
 12398.500     0.99673
 12398.600     0.99588
 12398.700     0.99417
 12398.800     0.99211
 12398.900     0.99010
 12399.000     0.98823
 12399.100     0.98627
 12399.200     0.98409
 12399.300     0.98219
 12399.400     0.98168
 12399.500     0.98336
 12399.600     0.98670
 12399.700     0.99018
 12399.800     0.99268
 12399.900     0.99426
 12400.000     0.99554
 12400.100     0.99677
 12400.200     0.99760
 12400.300     0.99765
 12400.400     0.99699
 12400.500     0.99618
 12400.600     0.99586
 12400.700     0.99629
 12400.800     0.99722
 12400.900     0.99819
 12401.000     0.99893
 12401.100     0.99935
 12401.200     0.99947
 12401.300     0.99929
 12401.400     0.99885
 12401.500     0.99823
 12401.600     0.99767
 12401.700     0.99743
 12401.800     0.99763
 12401.900     0.99813
 12402.000     0.99859
 12402.100     0.99882
 12402.200     0.99888
 12402.300     0.99896
 12402.400     0.99914
 12402.500     0.99937
 12402.600     0.99956
 12402.700     0.99968
 12402.800     0.99975
 12402.900     0.99980
 12403.000     0.99984
 12403.100     0.99986
 12403.200     0.99981
 12403.300     0.99966
 12403.400     0.99934
 12403.500     0.99888
 12403.600     0.99833
 12403.700     0.99768
 12403.800     0.99668
 12403.900     0.99508
 12404.000     0.99314
 12404.100     0.99176
 12404.200     0.99166
 12404.300     0.99256
 12404.400     0.99340
 12404.500     0.99347
 12404.600     0.99302
 12404.700     0.99265
 12404.800     0.99262
 12404.900     0.99282
 12405.000     0.99319
 12405.100     0.99374
 12405.200     0.99418
 12405.300     0.99411
 12405.400     0.99358
 12405.500     0.99327
 12405.600     0.99375
 12405.700     0.99491
 12405.800     0.99615
 12405.900     0.99707
 12406.000     0.99756
 12406.100     0.99768
 12406.200     0.99750
 12406.300     0.99715
 12406.400     0.99673
 12406.500     0.99597
 12406.600     0.99429
 12406.700     0.99143
 12406.800     0.98822
 12406.900     0.98619
 12407.000     0.98614
 12407.100     0.98737
 12407.200     0.98874
 12407.300     0.98994
 12407.400     0.99135
 12407.500     0.99303
 12407.600     0.99438
 12407.700     0.99463
 12407.800     0.99313
 12407.900     0.98926
 12408.000     0.98247
 12408.100     0.97268
 12408.200     0.96087
 12408.300     0.94980
 12408.400     0.94395
 12408.500     0.94704
 12408.600     0.95856
 12408.700     0.97339
 12408.800     0.98576
 12408.900     0.99313
 12409.000     0.99632
 12409.100     0.99738
 12409.200     0.99784
 12409.300     0.99831
 12409.400     0.99882
 12409.500     0.99920
 12409.600     0.99936
 12409.700     0.99936
 12409.800     0.99927
 12409.900     0.99911
 12410.000     0.99880
 12410.100     0.99812
 12410.200     0.99671
 12410.300     0.99429
 12410.400     0.99111
 12410.500     0.98831
 12410.600     0.98735
 12410.700     0.98878
 12410.800     0.99169
 12410.900     0.99450
 12411.000     0.99614
 12411.100     0.99634
 12411.200     0.99548
 12411.300     0.99424
 12411.400     0.99335
 12411.500     0.99314
 12411.600     0.99340
 12411.700     0.99377
 12411.800     0.99421
 12411.900     0.99483
 12412.000     0.99559
 12412.100     0.99631
 12412.200     0.99696
 12412.300     0.99758
 12412.400     0.99810
 12412.500     0.99840
 12412.600     0.99842
 12412.700     0.99834
 12412.800     0.99838
 12412.900     0.99862
 12413.000     0.99897
 12413.100     0.99932
 12413.200     0.99957
 12413.300     0.99971
 12413.400     0.99972
 12413.500     0.99950
 12413.600     0.99888
 12413.700     0.99750
 12413.800     0.99509
 12413.900     0.99199
 12414.000     0.98940
 12414.100     0.98875
 12414.200     0.99045
 12414.300     0.99343
 12414.400     0.99605
 12414.500     0.99730
 12414.600     0.99719
 12414.700     0.99642
 12414.800     0.99587
 12414.900     0.99611
 12415.000     0.99706
 12415.100     0.99819
 12415.200     0.99888
 12415.300     0.99861
 12415.400     0.99655
 12415.500     0.99116
 12415.600     0.98117
 12415.700     0.96775
 12415.800     0.95587
 12415.900     0.95169
 12416.000     0.95747
 12416.100     0.96959
 12416.200     0.98205
 12416.300     0.99098
 12416.400     0.99585
 12416.500     0.99793
 12416.600     0.99859
 12416.700     0.99870
 12416.800     0.99869
 12416.900     0.99868
 12417.000     0.99859
 12417.100     0.99830
 12417.200     0.99757
 12417.300     0.99575
 12417.400     0.99145
 12417.500     0.98217
 12417.600     0.96516
 12417.700     0.94052
 12417.800     0.91454
 12417.900     0.89844
 12418.000     0.90070
 12418.100     0.91966
 12418.200     0.94498
 12418.300     0.96631
 12418.400     0.97959
 12418.500     0.98630
 12418.600     0.98940
 12418.700     0.99099
 12418.800     0.99211
 12418.900     0.99299
 12419.000     0.99336
 12419.100     0.99309
 12419.200     0.99264
 12419.300     0.99272
 12419.400     0.99354
 12419.500     0.99478
 12419.600     0.99605
 12419.700     0.99720
 12419.800     0.99819
 12419.900     0.99893
 12420.000     0.99937
 12420.100     0.99956
 12420.200     0.99959
 12420.300     0.99954
 12420.400     0.99943
 12420.500     0.99920
 12420.600     0.99873
 12420.700     0.99795
 12420.800     0.99696
 12420.900     0.99607
 12421.000     0.99568
 12421.100     0.99594
 12421.200     0.99654
 12421.300     0.99690
 12421.400     0.99640
 12421.500     0.99476
 12421.600     0.99226
 12421.700     0.98986
 12421.800     0.98848
 12421.900     0.98816
 12422.000     0.98806
 12422.100     0.98747
 12422.200     0.98640
 12422.300     0.98474
 12422.400     0.98114
 12422.500     0.97237
 12422.600     0.95373
 12422.700     0.92120
 12422.800     0.87650
 12422.900     0.83141
 12423.000     0.80444
 12423.100     0.80849
 12423.200     0.84019
 12423.300     0.88212
 12423.400     0.91614
 12423.500     0.93482
 12423.600     0.94233
 12423.700     0.94731
 12423.800     0.95520
 12423.900     0.96580
 12424.000     0.97595
 12424.100     0.98335
 12424.200     0.98790
 12424.300     0.99060
 12424.400     0.99219
 12424.500     0.99281
 12424.600     0.99259
 12424.700     0.99204
 12424.800     0.99183
 12424.900     0.99223
 12425.000     0.99297
 12425.100     0.99354
 12425.200     0.99367
 12425.300     0.99336
 12425.400     0.99266
 12425.500     0.99129
 12425.600     0.98857
 12425.700     0.98315
 12425.800     0.97337
 12425.900     0.95889
 12426.000     0.94299
 12426.100     0.93241
 12426.200     0.93295
 12426.300     0.94430
 12426.400     0.96033
 12426.500     0.97442
 12426.600     0.98369
 12426.700     0.98876
 12426.800     0.99127
 12426.900     0.99227
 12427.000     0.99196
 12427.100     0.99030
 12427.200     0.98765
 12427.300     0.98515
 12427.400     0.98424
 12427.500     0.98543
 12427.600     0.98803
 12427.700     0.99087
 12427.800     0.99329
 12427.900     0.99516
 12428.000     0.99654
 12428.100     0.99747
 12428.200     0.99802
 12428.300     0.99835
 12428.400     0.99861
 12428.500     0.99889
 12428.600     0.99921
 12428.700     0.99951
 12428.800     0.99975
 12428.900     0.99989
 12429.000     0.99996
 12429.100     0.99997
 12429.200     0.99997
 12429.300     0.99996
 12429.400     0.99994
 12429.500     0.99990
 12429.600     0.99978
 12429.700     0.99954
 12429.800     0.99921
 12429.900     0.99887
 12430.000     0.99867
 12430.100     0.99861
 12430.200     0.99849
 12430.300     0.99792
 12430.400     0.99665
 12430.500     0.99487
 12430.600     0.99336
 12430.700     0.99292
 12430.800     0.99369
 12430.900     0.99499
 12431.000     0.99591
 12431.100     0.99594
 12431.200     0.99518
 12431.300     0.99416
 12431.400     0.99337
 12431.500     0.99277
 12431.600     0.99148
 12431.700     0.98763
 12431.800     0.97813
 12431.900     0.95895
 12432.000     0.92817
 12432.100     0.89103
 12432.200     0.86128
 12432.300     0.85312
 12432.400     0.86895
 12432.500     0.89658
 12432.600     0.92014
 12432.700     0.93241
 12432.800     0.93585
 12432.900     0.93373
 12433.000     0.92292
 12433.100     0.89622
 12433.200     0.85190
 12433.300     0.80076
 12433.400     0.76290
 12433.500     0.75509
 12433.600     0.77933
 12433.700     0.82345
 12433.800     0.87140
 12433.900     0.91230
 12434.000     0.94215
 12434.100     0.96124
 12434.200     0.97176
 12434.300     0.97679
 12434.400     0.97955
 12434.500     0.98236
 12434.600     0.98595
 12434.700     0.98971
 12434.800     0.99270
 12434.900     0.99443
 12435.000     0.99494
 12435.100     0.99453
 12435.200     0.99369
 12435.300     0.99302
 12435.400     0.99286
 12435.500     0.99286
 12435.600     0.99216
 12435.700     0.98990
 12435.800     0.98577
 12435.900     0.98029
 12436.000     0.97503
 12436.100     0.97216
 12436.200     0.97304
 12436.300     0.97712
 12436.400     0.98252
 12436.500     0.98762
 12436.600     0.99167
 12436.700     0.99452
 12436.800     0.99630
 12436.900     0.99733
 12437.000     0.99798
 12437.100     0.99853
 12437.200     0.99899
 12437.300     0.99931
 12437.400     0.99949
 12437.500     0.99958
 12437.600     0.99963
 12437.700     0.99968
 12437.800     0.99972
 12437.900     0.99976
 12438.000     0.99979
 12438.100     0.99979
 12438.200     0.99980
 12438.300     0.99979
 12438.400     0.99977
 12438.500     0.99972
 12438.600     0.99949
 12438.700     0.99867
 12438.800     0.99631
 12438.900     0.99081
 12439.000     0.98107
 12439.100     0.96839
 12439.200     0.95732
 12439.300     0.95294
 12439.400     0.95657
 12439.500     0.96456
 12439.600     0.97123
 12439.700     0.97283
 12439.800     0.96951
 12439.900     0.96485
 12440.000     0.96303
 12440.100     0.96583
 12440.200     0.97207
 12440.300     0.97957
 12440.400     0.98666
 12440.500     0.99238
 12440.600     0.99623
 12440.700     0.99834
 12440.800     0.99924
 12440.900     0.99953
 12441.000     0.99958
 12441.100     0.99953
 12441.200     0.99948
 12441.300     0.99946
 12441.400     0.99949
 12441.500     0.99957
 12441.600     0.99966
 12441.700     0.99973
 12441.800     0.99975
 12441.900     0.99969
 12442.000     0.99950
 12442.100     0.99905
 12442.200     0.99814
 12442.300     0.99667
 12442.400     0.99489
 12442.500     0.99354
 12442.600     0.99334
 12442.700     0.99436
 12442.800     0.99586
 12442.900     0.99687
 12443.000     0.99677
 12443.100     0.99553
 12443.200     0.99363
 12443.300     0.99173
 12443.400     0.99014
 12443.500     0.98861
 12443.600     0.98699
 12443.700     0.98582
 12443.800     0.98607
 12443.900     0.98806
 12444.000     0.99109
 12444.100     0.99404
 12444.200     0.99611
 12444.300     0.99696
 12444.400     0.99642
 12444.500     0.99448
 12444.600     0.99162
 12444.700     0.98899
 12444.800     0.98792
 12444.900     0.98893
 12445.000     0.99141
 12445.100     0.99411
 12445.200     0.99595
 12445.300     0.99646
 12445.400     0.99581
 12445.500     0.99460
 12445.600     0.99348
 12445.700     0.99271
 12445.800     0.99203
 12445.900     0.99124
 12446.000     0.99053
 12446.100     0.99018
 12446.200     0.99009
 12446.300     0.98994
 12446.400     0.98996
 12446.500     0.99084
 12446.600     0.99285
 12446.700     0.99540
 12446.800     0.99758
 12446.900     0.99894
 12447.000     0.99958
 12447.100     0.99979
 12447.200     0.99982
 12447.300     0.99974
 12447.400     0.99964
 12447.500     0.99954
 12447.600     0.99951
 12447.700     0.99954
 12447.800     0.99953
 12447.900     0.99929
 12448.000     0.99861
 12448.100     0.99736
 12448.200     0.99570
 12448.300     0.99404
 12448.400     0.99268
 12448.500     0.99165
 12448.600     0.99090
 12448.700     0.99074
 12448.800     0.99161
 12448.900     0.99348
 12449.000     0.99571
 12449.100     0.99755
 12449.200     0.99873
 12449.300     0.99935
 12449.400     0.99964
 12449.500     0.99977
 12449.600     0.99984
 12449.700     0.99988
 12449.800     0.99990
 12449.900     0.99991
 12450.000     0.99988
 12450.100     0.99981
 12450.200     0.99965
 12450.300     0.99936
 12450.400     0.99891
 12450.500     0.99836
 12450.600     0.99776
 12450.700     0.99695
 12450.800     0.99544
 12450.900     0.99235
 12451.000     0.98634
 12451.100     0.97648
 12451.200     0.96422
 12451.300     0.95448
 12451.400     0.95291
 12451.500     0.96085
 12451.600     0.97390
 12451.700     0.98594
 12451.800     0.99371
 12451.900     0.99748
 12452.000     0.99895
 12452.100     0.99946
 12452.200     0.99954
 12452.300     0.99932
 12452.400     0.99869
 12452.500     0.99752
 12452.600     0.99587
 12452.700     0.99409
 12452.800     0.99287
 12452.900     0.99286
 12453.000     0.99409
 12453.100     0.99593
 12453.200     0.99755
 12453.300     0.99858
 12453.400     0.99911
 12453.500     0.99940
 12453.600     0.99960
 12453.700     0.99973
 12453.800     0.99979
 12453.900     0.99977
 12454.000     0.99962
 12454.100     0.99923
 12454.200     0.99841
 12454.300     0.99700
 12454.400     0.99512
 12454.500     0.99333
 12454.600     0.99226
 12454.700     0.99202
 12454.800     0.99207
 12454.900     0.99193
 12455.000     0.99182
 12455.100     0.99241
 12455.200     0.99395
 12455.300     0.99592
 12455.400     0.99760
 12455.500     0.99854
 12455.600     0.99866
 12455.700     0.99796
 12455.800     0.99653
 12455.900     0.99469
 12456.000     0.99297
 12456.100     0.99186
 12456.200     0.99151
 12456.300     0.99188
 12456.400     0.99284
 12456.500     0.99403
 12456.600     0.99475
 12456.700     0.99425
 12456.800     0.99209
 12456.900     0.98856
 12457.000     0.98490
 12457.100     0.98281
 12457.200     0.98342
 12457.300     0.98640
 12457.400     0.99033
 12457.500     0.99379
 12457.600     0.99608
 12457.700     0.99716
 12457.800     0.99716
 12457.900     0.99612
 12458.000     0.99422
 12458.100     0.99210
 12458.200     0.99071
 12458.300     0.99065
 12458.400     0.99148
 12458.500     0.99178
 12458.600     0.98978
 12458.700     0.98396
 12458.800     0.97413
 12458.900     0.96291
 12459.000     0.95564
 12459.100     0.95684
 12459.200     0.96591
 12459.300     0.97725
 12459.400     0.98476
 12459.500     0.98585
 12459.600     0.98215
 12459.700     0.97763
 12459.800     0.97597
 12459.900     0.97832
 12460.000     0.98328
 12460.100     0.98863
 12460.200     0.99295
 12460.300     0.99582
 12460.400     0.99733
 12460.500     0.99773
 12460.600     0.99730
 12460.700     0.99650
 12460.800     0.99584
 12460.900     0.99561
 12461.000     0.99572
 12461.100     0.99591
 12461.200     0.99615
 12461.300     0.99663
 12461.400     0.99743
 12461.500     0.99832
 12461.600     0.99903
 12461.700     0.99938
 12461.800     0.99936
 12461.900     0.99890
 12462.000     0.99800
 12462.100     0.99686
 12462.200     0.99597
 12462.300     0.99580
 12462.400     0.99632
 12462.500     0.99701
 12462.600     0.99719
 12462.700     0.99633
 12462.800     0.99418
 12462.900     0.99104
 12463.000     0.98769
 12463.100     0.98498
 12463.200     0.98335
 12463.300     0.98291
 12463.400     0.98389
 12463.500     0.98635
 12463.600     0.98973
 12463.700     0.99298
 12463.800     0.99534
 12463.900     0.99672
 12464.000     0.99745
 12464.100     0.99786
 12464.200     0.99809
 12464.300     0.99816
 12464.400     0.99806
 12464.500     0.99787
 12464.600     0.99775
 12464.700     0.99783
 12464.800     0.99810
 12464.900     0.99848
 12465.000     0.99887
 12465.100     0.99921
 12465.200     0.99947
 12465.300     0.99961
 12465.400     0.99964
 12465.500     0.99956
 12465.600     0.99932
 12465.700     0.99891
 12465.800     0.99844
 12465.900     0.99811
 12466.000     0.99812
 12466.100     0.99845
 12466.200     0.99886
 12466.300     0.99912
 12466.400     0.99905
 12466.500     0.99860
 12466.600     0.99781
 12466.700     0.99688
 12466.800     0.99612
 12466.900     0.99575
 12467.000     0.99564
 12467.100     0.99540
 12467.200     0.99472
 12467.300     0.99372
 12467.400     0.99294
 12467.500     0.99285
 12467.600     0.99334
 12467.700     0.99373
 12467.800     0.99319
 12467.900     0.99139
 12468.000     0.98873
 12468.100     0.98596
 12468.200     0.98370
 12468.300     0.98240
 12468.400     0.98252
 12468.500     0.98439
 12468.600     0.98760
 12468.700     0.99084
 12468.800     0.99219
 12468.900     0.98953
 12469.000     0.98153
 12469.100     0.96950
 12469.200     0.95827
 12469.300     0.95371
 12469.400     0.95789
 12469.500     0.96754
 12469.600     0.97758
 12469.700     0.98523
 12469.800     0.99035
 12469.900     0.99353
 12470.000     0.99512
 12470.100     0.99546
 12470.200     0.99506
 12470.300     0.99429
 12470.400     0.99326
 12470.500     0.99220
 12470.600     0.99171
 12470.700     0.99238
 12470.800     0.99409
 12470.900     0.99602
 12471.000     0.99723
 12471.100     0.99733
 12471.200     0.99653
 12471.300     0.99551
 12471.400     0.99506
 12471.500     0.99554
 12471.600     0.99669
 12471.700     0.99790
 12471.800     0.99871
 12471.900     0.99906
 12472.000     0.99914
 12472.100     0.99918
 12472.200     0.99929
 12472.300     0.99946
 12472.400     0.99959
 12472.500     0.99960
 12472.600     0.99950
 12472.700     0.99926
 12472.800     0.99887
 12472.900     0.99828
 12473.000     0.99757
 12473.100     0.99687
 12473.200     0.99621
 12473.300     0.99543
 12473.400     0.99449
 12473.500     0.99350
 12473.600     0.99259
 12473.700     0.99189
 12473.800     0.99169
 12473.900     0.99236
 12474.000     0.99374
 12474.100     0.99503
 12474.200     0.99557
 12474.300     0.99544
 12474.400     0.99538
 12474.500     0.99591
 12474.600     0.99696
 12474.700     0.99807
 12474.800     0.99890
 12474.900     0.99937
 12475.000     0.99958
 12475.100     0.99957
 12475.200     0.99924
 12475.300     0.99826
 12475.400     0.99597
 12475.500     0.99155
 12475.600     0.98498
 12475.700     0.97801
 12475.800     0.97386
 12475.900     0.97477
 12476.000     0.97984
 12476.100     0.98593
 12476.200     0.99054
 12476.300     0.99333
 12476.400     0.99515
 12476.500     0.99664
 12476.600     0.99785
 12476.700     0.99866
 12476.800     0.99913
 12476.900     0.99931
 12477.000     0.99918
 12477.100     0.99851
 12477.200     0.99689
 12477.300     0.99389
 12477.400     0.98979
 12477.500     0.98599
 12477.600     0.98438
 12477.700     0.98579
 12477.800     0.98906
 12477.900     0.99209
 12478.000     0.99359
 12478.100     0.99372
 12478.200     0.99345
 12478.300     0.99363
 12478.400     0.99453
 12478.500     0.99593
 12478.600     0.99740
 12478.700     0.99855
 12478.800     0.99924
 12478.900     0.99953
 12479.000     0.99959
 12479.100     0.99956
 12479.200     0.99951
 12479.300     0.99948
 12479.400     0.99946
 12479.500     0.99948
 12479.600     0.99955
 12479.700     0.99965
 12479.800     0.99976
 12479.900     0.99985
 12480.000     0.99991
 12480.100     0.99994
 12480.200     0.99994
 12480.300     0.99989
 12480.400     0.99978
 12480.500     0.99965
 12480.600     0.99954
 12480.700     0.99951
 12480.800     0.99953
 12480.900     0.99950
 12481.000     0.99923
 12481.100     0.99858
 12481.200     0.99754
 12481.300     0.99624
 12481.400     0.99480
 12481.500     0.99336
 12481.600     0.99226
 12481.700     0.99207
 12481.800     0.99310
 12481.900     0.99497
 12482.000     0.99689
 12482.100     0.99827
 12482.200     0.99900
 12482.300     0.99923
 12482.400     0.99905
 12482.500     0.99822
 12482.600     0.99594
 12482.700     0.99077
 12482.800     0.98175
 12482.900     0.97042
 12483.000     0.96139
 12483.100     0.95944
 12483.200     0.96534
 12483.300     0.97519
 12483.400     0.98413
 12483.500     0.98977
 12483.600     0.99259
 12483.700     0.99416
 12483.800     0.99552
 12483.900     0.99677
 12484.000     0.99749
 12484.100     0.99716
 12484.200     0.99516
 12484.300     0.99071
 12484.400     0.98374
 12484.500     0.97614
 12484.600     0.97143
 12484.700     0.97217
 12484.800     0.97755
 12484.900     0.98401
 12485.000     0.98823
 12485.100     0.98905
 12485.200     0.98730
 12485.300     0.98483
 12485.400     0.98352
 12485.500     0.98461
 12485.600     0.98798
 12485.700     0.99222
 12485.800     0.99576
 12485.900     0.99781
 12486.000     0.99849
 12486.100     0.99838
 12486.200     0.99809
 12486.300     0.99799
 12486.400     0.99815
 12486.500     0.99834
 12486.600     0.99816
 12486.700     0.99735
 12486.800     0.99588
 12486.900     0.99417
 12487.000     0.99301
 12487.100     0.99310
 12487.200     0.99441
 12487.300     0.99626
 12487.400     0.99787
 12487.500     0.99891
 12487.600     0.99943
 12487.700     0.99966
 12487.800     0.99974
 12487.900     0.99978
 12488.000     0.99981
 12488.100     0.99982
 12488.200     0.99982
 12488.300     0.99977
 12488.400     0.99964
 12488.500     0.99937
 12488.600     0.99888
 12488.700     0.99815
 12488.800     0.99732
 12488.900     0.99673
 12489.000     0.99667
 12489.100     0.99717
 12489.200     0.99796
 12489.300     0.99870
 12489.400     0.99921
 12489.500     0.99950
 12489.600     0.99963
 12489.700     0.99968
 12489.800     0.99967
 12489.900     0.99960
 12490.000     0.99940
 12490.100     0.99899
 12490.200     0.99831
 12490.300     0.99753
 12490.400     0.99692
 12490.500     0.99670
 12490.600     0.99675
 12490.700     0.99667
 12490.800     0.99628
 12490.900     0.99584
 12491.000     0.99588
 12491.100     0.99655
 12491.200     0.99756
 12491.300     0.99848
 12491.400     0.99910
 12491.500     0.99948
 12491.600     0.99969
 12491.700     0.99980
 12491.800     0.99983
 12491.900     0.99980
 12492.000     0.99969
 12492.100     0.99938
 12492.200     0.99863
 12492.300     0.99717
 12492.400     0.99507
 12492.500     0.99302
 12492.600     0.99205
 12492.700     0.99264
 12492.800     0.99432
 12492.900     0.99616
 12493.000     0.99758
 12493.100     0.99852
 12493.200     0.99907
 12493.300     0.99928
 12493.400     0.99907
 12493.500     0.99839
 12493.600     0.99730
 12493.700     0.99610
 12493.800     0.99514
 12493.900     0.99459
 12494.000     0.99424
 12494.100     0.99371
 12494.200     0.99289
 12494.300     0.99207
 12494.400     0.99162
 12494.500     0.99156
 12494.600     0.99130
 12494.700     0.98967
 12494.800     0.98506
 12494.900     0.97676
 12495.000     0.96693
 12495.100     0.96066
 12495.200     0.96213
 12495.300     0.97064
 12495.400     0.98116
 12495.500     0.98871
 12495.600     0.99156
 12495.700     0.99113
 12495.800     0.99007
 12495.900     0.99034
 12496.000     0.99229
 12496.100     0.99499
 12496.200     0.99730
 12496.300     0.99875
 12496.400     0.99948
 12496.500     0.99978
 12496.600     0.99985
 12496.700     0.99972
 12496.800     0.99923
 12496.900     0.99808
 12497.000     0.99593
 12497.100     0.99294
 12497.200     0.99009
 12497.300     0.98882
 12497.400     0.98989
 12497.500     0.99264
 12497.600     0.99561
 12497.700     0.99773
 12497.800     0.99879
 12497.900     0.99904
 12498.000     0.99889
 12498.100     0.99864
 12498.200     0.99854
 12498.300     0.99866
 12498.400     0.99891
 12498.500     0.99917
 12498.600     0.99936
 12498.700     0.99947
 12498.800     0.99940
 12498.900     0.99903
 12499.000     0.99819
 12499.100     0.99697
 12499.200     0.99579
 12499.300     0.99525
 12499.400     0.99554
 12499.500     0.99621
 12499.600     0.99662
 12499.700     0.99656
 12499.800     0.99640
 12499.900     0.99667
 12500.000     0.99745
 12500.100     0.99842
 12500.200     0.99919
 12500.300     0.99964
 12500.400     0.99978
 12500.500     0.99967
 12500.600     0.99917
 12500.700     0.99806
 12500.800     0.99624
 12500.900     0.99417
 12501.000     0.99284
 12501.100     0.99302
 12501.200     0.99459
 12501.300     0.99662
 12501.400     0.99824
 12501.500     0.99917
 12501.600     0.99958
 12501.700     0.99973
 12501.800     0.99973
 12501.900     0.99966
 12502.000     0.99958
 12502.100     0.99954
 12502.200     0.99958
 12502.300     0.99965
 12502.400     0.99956
 12502.500     0.99887
 12502.600     0.99665
 12502.700     0.99138
 12502.800     0.98199
 12502.900     0.96996
 12503.000     0.96011
 12503.100     0.95777
 12503.200     0.96423
 12503.300     0.97558
 12503.400     0.98641
 12503.500     0.99370
 12503.600     0.99743
 12503.700     0.99888
 12503.800     0.99917
 12503.900     0.99898
 12504.000     0.99871
 12504.100     0.99861
 12504.200     0.99875
 12504.300     0.99906
 12504.400     0.99939
 12504.500     0.99964
 12504.600     0.99977
 12504.700     0.99984
 12504.800     0.99987
 12504.900     0.99989
 12505.000     0.99990
 12505.100     0.99992
 12505.200     0.99993
 12505.300     0.99992
 12505.400     0.99989
 12505.500     0.99986
 12505.600     0.99981
 12505.700     0.99969
 12505.800     0.99938
 12505.900     0.99873
 12506.000     0.99772
 12506.100     0.99666
 12506.200     0.99607
 12506.300     0.99629
 12506.400     0.99712
 12506.500     0.99805
 12506.600     0.99867
 12506.700     0.99883
 12506.800     0.99850
 12506.900     0.99769
 12507.000     0.99659
 12507.100     0.99555
 12507.200     0.99497
 12507.300     0.99508
 12507.400     0.99586
 12507.500     0.99702
 12507.600     0.99817
 12507.700     0.99898
 12507.800     0.99938
 12507.900     0.99946
 12508.000     0.99940
 12508.100     0.99935
 12508.200     0.99938
 12508.300     0.99946
 12508.400     0.99952
 12508.500     0.99946
 12508.600     0.99928
 12508.700     0.99906
 12508.800     0.99893
 12508.900     0.99897
 12509.000     0.99915
 12509.100     0.99932
 12509.200     0.99936
 12509.300     0.99920
 12509.400     0.99864
 12509.500     0.99736
 12509.600     0.99481
 12509.700     0.99067
 12509.800     0.98538
 12509.900     0.98021
 12510.000     0.97604
 12510.100     0.97127
 12510.200     0.96180
 12510.300     0.94531
 12510.400     0.92635
 12510.500     0.91543
 12510.600     0.92037
 12510.700     0.93887
 12510.800     0.96108
 12510.900     0.97849
 12511.000     0.98870
 12511.100     0.99343
 12511.200     0.99500
 12511.300     0.99492
 12511.400     0.99435
 12511.500     0.99419
 12511.600     0.99477
 12511.700     0.99563
 12511.800     0.99569
 12511.900     0.99378
 12512.000     0.98953
 12512.100     0.98423
 12512.200     0.98062
 12512.300     0.98097
 12512.400     0.98504
 12512.500     0.99035
 12512.600     0.99433
 12512.700     0.99580
 12512.800     0.99445
 12512.900     0.98961
 12513.000     0.98059
 12513.100     0.96871
 12513.200     0.95868
 12513.300     0.95621
 12513.400     0.96303
 12513.500     0.97518
 12513.600     0.98668
 12513.700     0.99414
 12513.800     0.99767
 12513.900     0.99889
 12514.000     0.99922
 12514.100     0.99935
 12514.200     0.99949
 12514.300     0.99960
 12514.400     0.99964
 12514.500     0.99960
 12514.600     0.99951
 12514.700     0.99937
 12514.800     0.99916
 12514.900     0.99888
 12515.000     0.99866
 12515.100     0.99865
 12515.200     0.99887
 12515.300     0.99921
 12515.400     0.99950
 12515.500     0.99965
 12515.600     0.99966
 12515.700     0.99960
 12515.800     0.99956
 12515.900     0.99957
 12516.000     0.99962
 12516.100     0.99964
 12516.200     0.99953
 12516.300     0.99919
 12516.400     0.99857
 12516.500     0.99775
 12516.600     0.99696
 12516.700     0.99654
 12516.800     0.99664
 12516.900     0.99710
 12517.000     0.99751
 12517.100     0.99747
 12517.200     0.99675
 12517.300     0.99531
 12517.400     0.99354
 12517.500     0.99231
 12517.600     0.99245
 12517.700     0.99390
 12517.800     0.99579
 12517.900     0.99723
 12518.000     0.99800
 12518.100     0.99840
 12518.200     0.99876
 12518.300     0.99912
 12518.400     0.99940
 12518.500     0.99955
 12518.600     0.99957
 12518.700     0.99951
 12518.800     0.99938
 12518.900     0.99913
 12519.000     0.99871
 12519.100     0.99824
 12519.200     0.99790
 12519.300     0.99780
 12519.400     0.99774
 12519.500     0.99739
 12519.600     0.99658
 12519.700     0.99562
 12519.800     0.99515
 12519.900     0.99555
 12520.000     0.99658
 12520.100     0.99767
 12520.200     0.99839
 12520.300     0.99866
 12520.400     0.99862
 12520.500     0.99842
 12520.600     0.99819
 12520.700     0.99798
 12520.800     0.99775
 12520.900     0.99744
 12521.000     0.99695
 12521.100     0.99589
 12521.200     0.99320
 12521.300     0.98621
 12521.400     0.96981
 12521.500     0.93799
 12521.600     0.88952
 12521.700     0.83264
 12521.800     0.78171
 12521.900     0.74765
 12522.000     0.73423
 12522.100     0.74320
 12522.200     0.77601
 12522.300     0.82745
 12522.400     0.88364
 12522.500     0.93023
 12522.600     0.96109
 12522.700     0.97833
 12522.800     0.98678
 12522.900     0.99011
 12523.000     0.99036
 12523.100     0.98884
 12523.200     0.98689
 12523.300     0.98603
 12523.400     0.98721
 12523.500     0.99006
 12523.600     0.99331
 12523.700     0.99583
 12523.800     0.99729
 12523.900     0.99794
 12524.000     0.99821
 12524.100     0.99840
 12524.200     0.99862
 12524.300     0.99886
 12524.400     0.99904
 12524.500     0.99916
 12524.600     0.99927
 12524.700     0.99940
 12524.800     0.99955
 12524.900     0.99968
 12525.000     0.99975
 12525.100     0.99970
 12525.200     0.99947
 12525.300     0.99893
 12525.400     0.99785
 12525.500     0.99593
 12525.600     0.99309
 12525.700     0.98975
 12525.800     0.98693
 12525.900     0.98572
 12526.000     0.98641
 12526.100     0.98830
 12526.200     0.99026
 12526.300     0.99156
 12526.400     0.99212
 12526.500     0.99209
 12526.600     0.99156
 12526.700     0.99078
 12526.800     0.99035
 12526.900     0.99091
 12527.000     0.99258
 12527.100     0.99452
 12527.200     0.99521
 12527.300     0.99293
 12527.400     0.98648
 12527.500     0.97666
 12527.600     0.96726
 12527.700     0.96345
 12527.800     0.96765
 12527.900     0.97729
 12528.000     0.98729
 12528.100     0.99418
 12528.200     0.99755
 12528.300     0.99867
 12528.400     0.99888
 12528.500     0.99892
 12528.600     0.99907
 12528.700     0.99931
 12528.800     0.99951
 12528.900     0.99963
 12529.000     0.99968
 12529.100     0.99967
 12529.200     0.99962
 12529.300     0.99948
 12529.400     0.99910
 12529.500     0.99818
 12529.600     0.99635
 12529.700     0.99356
 12529.800     0.99054
 12529.900     0.98858
 12530.000     0.98845
 12530.100     0.98958
 12530.200     0.99060
 12530.300     0.99064
 12530.400     0.98983
 12530.500     0.98882
 12530.600     0.98808
 12530.700     0.98780
 12530.800     0.98809
 12530.900     0.98894
 12531.000     0.99012
 12531.100     0.99132
 12531.200     0.99247
 12531.300     0.99376
 12531.400     0.99526
 12531.500     0.99674
 12531.600     0.99792
 12531.700     0.99866
 12531.800     0.99906
 12531.900     0.99925
 12532.000     0.99932
 12532.100     0.99923
 12532.200     0.99853
 12532.300     0.99599
 12532.400     0.98882
 12532.500     0.97308
 12532.600     0.94732
 12532.700     0.91779
 12532.800     0.89827
 12532.900     0.90032
 12533.000     0.92252
 12533.100     0.95190
 12533.200     0.97571
 12533.300     0.98950
 12533.400     0.99541
 12533.500     0.99701
 12533.600     0.99656
 12533.700     0.99536
 12533.800     0.99434
 12533.900     0.99401
 12534.000     0.99447
 12534.100     0.99545
 12534.200     0.99659
 12534.300     0.99758
 12534.400     0.99826
 12534.500     0.99864
 12534.600     0.99884
 12534.700     0.99901
 12534.800     0.99920
 12534.900     0.99941
 12535.000     0.99959
 12535.100     0.99969
 12535.200     0.99974
 12535.300     0.99975
 12535.400     0.99975
 12535.500     0.99973
 12535.600     0.99971
 12535.700     0.99965
 12535.800     0.99958
 12535.900     0.99948
 12536.000     0.99930
 12536.100     0.99895
 12536.200     0.99819
 12536.300     0.99675
 12536.400     0.99448
 12536.500     0.99168
 12536.600     0.98925
 12536.700     0.98817
 12536.800     0.98862
 12536.900     0.98976
 12537.000     0.99044
 12537.100     0.99034
 12537.200     0.99020
 12537.300     0.99099
 12537.400     0.99288
 12537.500     0.99515
 12537.600     0.99696
 12537.700     0.99800
 12537.800     0.99843
 12537.900     0.99852
 12538.000     0.99841
 12538.100     0.99811
 12538.200     0.99750
 12538.300     0.99647
 12538.400     0.99514
 12538.500     0.99391
 12538.600     0.99320
 12538.700     0.99308
 12538.800     0.99323
 12538.900     0.99327
 12539.000     0.99296
 12539.100     0.99201
 12539.200     0.98983
 12539.300     0.98530
 12539.400     0.97708
 12539.500     0.96504
 12539.600     0.95202
 12539.700     0.94351
 12539.800     0.94393
 12539.900     0.95281
 12540.000     0.96536
 12540.100     0.97660
 12540.200     0.98431
 12540.300     0.98883
 12540.400     0.99134
 12540.500     0.99280
 12540.600     0.99381
 12540.700     0.99470
 12540.800     0.99557
 12540.900     0.99635
 12541.000     0.99697
 12541.100     0.99739
 12541.200     0.99762
 12541.300     0.99756
 12541.400     0.99694
 12541.500     0.99536
 12541.600     0.99269
 12541.700     0.98959
 12541.800     0.98752
 12541.900     0.98770
 12542.000     0.98997
 12542.100     0.99301
 12542.200     0.99554
 12542.300     0.99714
 12542.400     0.99802
 12542.500     0.99846
 12542.600     0.99858
 12542.700     0.99834
 12542.800     0.99754
 12542.900     0.99603
 12543.000     0.99412
 12543.100     0.99270
 12543.200     0.99263
 12543.300     0.99386
 12543.400     0.99549
 12543.500     0.99656
 12543.600     0.99671
 12543.700     0.99616
 12543.800     0.99547
 12543.900     0.99521
 12544.000     0.99568
 12544.100     0.99667
 12544.200     0.99765
 12544.300     0.99827
 12544.400     0.99853
 12544.500     0.99865
 12544.600     0.99872
 12544.700     0.99862
 12544.800     0.99821
 12544.900     0.99748
 12545.000     0.99666
 12545.100     0.99599
 12545.200     0.99554
 12545.300     0.99512
 12545.400     0.99446
 12545.500     0.99327
 12545.600     0.99120
 12545.700     0.98807
 12545.800     0.98462
 12545.900     0.98265
 12546.000     0.98373
 12546.100     0.98759
 12546.200     0.99226
 12546.300     0.99585
 12546.400     0.99780
 12546.500     0.99858
 12546.600     0.99888
 12546.700     0.99908
 12546.800     0.99930
 12546.900     0.99951
 12547.000     0.99965
 12547.100     0.99970
 12547.200     0.99960
 12547.300     0.99917
 12547.400     0.99786
 12547.500     0.99462
 12547.600     0.98811
 12547.700     0.97801
 12547.800     0.96678
 12547.900     0.95939
 12548.000     0.95989
 12548.100     0.96783
 12548.200     0.97870
 12548.300     0.98795
 12548.400     0.99372
 12548.500     0.99651
 12548.600     0.99742
 12548.700     0.99729
 12548.800     0.99660
 12548.900     0.99552
 12549.000     0.99379
 12549.100     0.99083
 12549.200     0.98636
 12549.300     0.98115
 12549.400     0.97707
 12549.500     0.97607
 12549.600     0.97874
 12549.700     0.98387
 12549.800     0.98942
 12549.900     0.99383
 12550.000     0.99663
 12550.100     0.99812
 12550.200     0.99882
 12550.300     0.99910
 12550.400     0.99915
 12550.500     0.99908
 12550.600     0.99891
 12550.700     0.99862
 12550.800     0.99818
 12550.900     0.99769
 12551.000     0.99742
 12551.100     0.99757
 12551.200     0.99800
 12551.300     0.99832
 12551.400     0.99803
 12551.500     0.99674
 12551.600     0.99443
 12551.700     0.99171
 12551.800     0.98973
 12551.900     0.98954
 12552.000     0.99119
 12552.100     0.99378
 12552.200     0.99621
 12552.300     0.99787
 12552.400     0.99868
 12552.500     0.99872
 12552.600     0.99796
 12552.700     0.99642
 12552.800     0.99449
 12552.900     0.99292
 12553.000     0.99227
 12553.100     0.99233
 12553.200     0.99240
 12553.300     0.99216
 12553.400     0.99216
 12553.500     0.99310
 12553.600     0.99491
 12553.700     0.99681
 12553.800     0.99807
 12553.900     0.99854
 12554.000     0.99852
 12554.100     0.99844
 12554.200     0.99853
 12554.300     0.99883
 12554.400     0.99917
 12554.500     0.99944
 12554.600     0.99958
 12554.700     0.99965
 12554.800     0.99966
 12554.900     0.99960
 12555.000     0.99939
 12555.100     0.99895
 12555.200     0.99822
 12555.300     0.99722
 12555.400     0.99603
 12555.500     0.99474
 12555.600     0.99344
 12555.700     0.99220
 12555.800     0.99123
 12555.900     0.99087
 12556.000     0.99151
 12556.100     0.99305
 12556.200     0.99475
 12556.300     0.99517
 12556.400     0.99196
 12556.500     0.98027
 12556.600     0.95222
 12556.700     0.90127
 12556.800     0.83296
 12556.900     0.77127
 12557.000     0.74724
 12557.100     0.77470
 12557.200     0.83790
 12557.300     0.90550
 12557.400     0.95464
 12557.500     0.98073
 12557.600     0.99019
 12557.700     0.98972
 12557.800     0.98275
 12557.900     0.97131
 12558.000     0.95916
 12558.100     0.95171
 12558.200     0.95284
 12558.300     0.96178
 12558.400     0.97390
 12558.500     0.98442
 12558.600     0.99113
 12558.700     0.99428
 12558.800     0.99517
 12558.900     0.99517
 12559.000     0.99529
 12559.100     0.99600
 12559.200     0.99713
 12559.300     0.99826
 12559.400     0.99905
 12559.500     0.99948
 12559.600     0.99967
 12559.700     0.99974
 12559.800     0.99974
 12559.900     0.99971
 12560.000     0.99966
 12560.100     0.99960
 12560.200     0.99952
 12560.300     0.99944
 12560.400     0.99935
 12560.500     0.99920
 12560.600     0.99888
 12560.700     0.99824
 12560.800     0.99722
 12560.900     0.99598
 12561.000     0.99490
 12561.100     0.99428
 12561.200     0.99412
 12561.300     0.99404
 12561.400     0.99356
 12561.500     0.99214
 12561.600     0.98914
 12561.700     0.98414
 12561.800     0.97757
 12561.900     0.97105
 12562.000     0.96688
 12562.100     0.96672
 12562.200     0.97050
 12562.300     0.97653
 12562.400     0.98271
 12562.500     0.98786
 12562.600     0.99181
 12562.700     0.99477
 12562.800     0.99685
 12562.900     0.99815
 12563.000     0.99884
 12563.100     0.99919
 12563.200     0.99937
 12563.300     0.99948
 12563.400     0.99956
 12563.500     0.99962
 12563.600     0.99964
 12563.700     0.99964
 12563.800     0.99962
 12563.900     0.99960
 12564.000     0.99957
 12564.100     0.99953
 12564.200     0.99945
 12564.300     0.99929
 12564.400     0.99888
 12564.500     0.99803
 12564.600     0.99666
 12564.700     0.99497
 12564.800     0.99344
 12564.900     0.99264
 12565.000     0.99292
 12565.100     0.99418
 12565.200     0.99593
 12565.300     0.99757
 12565.400     0.99872
 12565.500     0.99935
 12565.600     0.99959
 12565.700     0.99962
 12565.800     0.99954
 12565.900     0.99946
 12566.000     0.99944
 12566.100     0.99950
 12566.200     0.99960
 12566.300     0.99962
 12566.400     0.99945
 12566.500     0.99894
 12566.600     0.99789
 12566.700     0.99621
 12566.800     0.99408
 12566.900     0.99217
 12567.000     0.99141
 12567.100     0.99232
 12567.200     0.99444
 12567.300     0.99672
 12567.400     0.99835
 12567.500     0.99919
 12567.600     0.99946
 12567.700     0.99946
 12567.800     0.99933
 12567.900     0.99918
 12568.000     0.99905
 12568.100     0.99894
 12568.200     0.99879
 12568.300     0.99851
 12568.400     0.99789
 12568.500     0.99656
 12568.600     0.99404
 12568.700     0.98996
 12568.800     0.98465
 12568.900     0.97935
 12569.000     0.97552
 12569.100     0.97324
 12569.200     0.97007
 12569.300     0.96218
 12569.400     0.94829
 12569.500     0.93316
 12569.600     0.92586
 12569.700     0.93245
 12569.800     0.95016
 12569.900     0.97011
 12570.000     0.98502
 12570.100     0.99319
 12570.200     0.99669
 12570.300     0.99803
 12570.400     0.99861
 12570.500     0.99896
 12570.600     0.99921
 12570.700     0.99934
 12570.800     0.99936
 12570.900     0.99930
 12571.000     0.99920
 12571.100     0.99912
 12571.200     0.99906
 12571.300     0.99907
 12571.400     0.99918
 12571.500     0.99938
 12571.600     0.99959
 12571.700     0.99974
 12571.800     0.99981
 12571.900     0.99978
 12572.000     0.99965
 12572.100     0.99943
 12572.200     0.99911
 12572.300     0.99864
 12572.400     0.99788
 12572.500     0.99678
 12572.600     0.99546
 12572.700     0.99383
 12572.800     0.99097
 12572.900     0.98533
 12573.000     0.97660
 12573.100     0.96753
 12573.200     0.96290
 12573.300     0.96556
 12573.400     0.97371
 12573.500     0.98276
 12573.600     0.98930
 12573.700     0.99288
 12573.800     0.99486
 12573.900     0.99640
 12574.000     0.99777
 12574.100     0.99875
 12574.200     0.99913
 12574.300     0.99883
 12574.400     0.99785
 12574.500     0.99644
 12574.600     0.99517
 12574.700     0.99474
 12574.800     0.99538
 12574.900     0.99654
 12575.000     0.99724
 12575.100     0.99666
 12575.200     0.99461
 12575.300     0.99177
 12575.400     0.98961
 12575.500     0.98931
 12575.600     0.99074
 12575.700     0.99246
 12575.800     0.99293
 12575.900     0.99189
 12576.000     0.99048
 12576.100     0.99024
 12576.200     0.99174
 12576.300     0.99421
 12576.400     0.99647
 12576.500     0.99788
 12576.600     0.99852
 12576.700     0.99865
 12576.800     0.99834
 12576.900     0.99765
 12577.000     0.99675
 12577.100     0.99602
 12577.200     0.99587
 12577.300     0.99638
 12577.400     0.99730
 12577.500     0.99821
 12577.600     0.99882
 12577.700     0.99908
 12577.800     0.99914
 12577.900     0.99919
 12578.000     0.99934
 12578.100     0.99956
 12578.200     0.99976
 12578.300     0.99989
 12578.400     0.99995
 12578.500     0.99995
 12578.600     0.99994
 12578.700     0.99991
 12578.800     0.99988
 12578.900     0.99984
 12579.000     0.99976
 12579.100     0.99964
 12579.200     0.99946
 12579.300     0.99922
 12579.400     0.99897
 12579.500     0.99878
 12579.600     0.99864
 12579.700     0.99834
 12579.800     0.99741
 12579.900     0.99532
 12580.000     0.99206
 12580.100     0.98858
 12580.200     0.98633
 12580.300     0.98598
 12580.400     0.98664
 12580.500     0.98701
 12580.600     0.98695
 12580.700     0.98748
 12580.800     0.98923
 12580.900     0.99146
 12581.000     0.99282
 12581.100     0.99238
 12581.200     0.98987
 12581.300     0.98548
 12581.400     0.98014
 12581.500     0.97570
 12581.600     0.97424
 12581.700     0.97660
 12581.800     0.98173
 12581.900     0.98756
 12582.000     0.99233
 12582.100     0.99540
 12582.200     0.99699
 12582.300     0.99755
 12582.400     0.99733
 12582.500     0.99631
 12582.600     0.99448
 12582.700     0.99225
 12582.800     0.99058
 12582.900     0.99034
 12583.000     0.99149
 12583.100     0.99299
 12583.200     0.99353
 12583.300     0.99190
 12583.400     0.98671
 12583.500     0.97588
 12583.600     0.95766
 12583.700     0.93345
 12583.800     0.91005
 12583.900     0.89745
 12584.000     0.90202
 12584.100     0.92124
 12584.200     0.94591
 12584.300     0.96719
 12584.400     0.98135
 12584.500     0.98920
 12584.600     0.99284
 12584.700     0.99362
 12584.800     0.99151
 12584.900     0.98583
 12585.000     0.97694
 12585.100     0.96797
 12585.200     0.96373
 12585.300     0.96696
 12585.400     0.97574
 12585.500     0.98537
 12585.600     0.99242
 12585.700     0.99628
 12585.800     0.99800
 12585.900     0.99859
 12586.000     0.99854
 12586.100     0.99795
 12586.200     0.99677
 12586.300     0.99505
 12586.400     0.99308
 12586.500     0.99127
 12586.600     0.98961
 12586.700     0.98757
 12586.800     0.98494
 12586.900     0.98279
 12587.000     0.98293
 12587.100     0.98600
 12587.200     0.99067
 12587.300     0.99490
 12587.400     0.99756
 12587.500     0.99876
 12587.600     0.99907
 12587.700     0.99894
 12587.800     0.99865
 12587.900     0.99835
 12588.000     0.99806
 12588.100     0.99760
 12588.200     0.99651
 12588.300     0.99439
 12588.400     0.99138
 12588.500     0.98849
 12588.600     0.98706
 12588.700     0.98749
 12588.800     0.98864
 12588.900     0.98874
 12589.000     0.98703
 12589.100     0.98453
 12589.200     0.98317
 12589.300     0.98416
 12589.400     0.98711
 12589.500     0.99074
 12589.600     0.99398
 12589.700     0.99636
 12589.800     0.99786
 12589.900     0.99863
 12590.000     0.99886
 12590.100     0.99872
 12590.200     0.99833
 12590.300     0.99775
 12590.400     0.99701
 12590.500     0.99617
 12590.600     0.99530
 12590.700     0.99460
 12590.800     0.99430
 12590.900     0.99457
 12591.000     0.99536
 12591.100     0.99638
 12591.200     0.99729
 12591.300     0.99783
 12591.400     0.99776
 12591.500     0.99703
 12591.600     0.99577
 12591.700     0.99431
 12591.800     0.99298
 12591.900     0.99204
 12592.000     0.99177
 12592.100     0.99249
 12592.200     0.99414
 12592.300     0.99614
 12592.400     0.99780
 12592.500     0.99873
 12592.600     0.99893
 12592.700     0.99844
 12592.800     0.99722
 12592.900     0.99527
 12593.000     0.99294
 12593.100     0.99076
 12593.200     0.98868
 12593.300     0.98530
 12593.400     0.97878
 12593.500     0.96927
 12593.600     0.96041
 12593.700     0.95729
 12593.800     0.96219
 12593.900     0.97254
 12594.000     0.98348
 12594.100     0.99160
 12594.200     0.99625
 12594.300     0.99837
 12594.400     0.99908
 12594.500     0.99916
 12594.600     0.99901
 12594.700     0.99875
 12594.800     0.99830
 12594.900     0.99765
 12595.000     0.99705
 12595.100     0.99689
 12595.200     0.99735
 12595.300     0.99818
 12595.400     0.99899
 12595.500     0.99950
 12595.600     0.99971
 12595.700     0.99969
 12595.800     0.99945
 12595.900     0.99894
 12596.000     0.99801
 12596.100     0.99657
 12596.200     0.99469
 12596.300     0.99287
 12596.400     0.99193
 12596.500     0.99246
 12596.600     0.99424
 12596.700     0.99637
 12596.800     0.99799
 12596.900     0.99885
 12597.000     0.99919
 12597.100     0.99934
 12597.200     0.99945
 12597.300     0.99950
 12597.400     0.99939
 12597.500     0.99909
 12597.600     0.99868
 12597.700     0.99839
 12597.800     0.99839
 12597.900     0.99868
 12598.000     0.99907
 12598.100     0.99940
 12598.200     0.99959
 12598.300     0.99968
 12598.400     0.99972
 12598.500     0.99974
 12598.600     0.99969
 12598.700     0.99950
 12598.800     0.99895
 12598.900     0.99768
 12599.000     0.99532
 12599.100     0.99204
 12599.200     0.98897
 12599.300     0.98772
 12599.400     0.98905
 12599.500     1.00000
 12599.600     1.00000
 12599.700     1.00000
 12599.800     1.00000
 12599.900     1.00000
 12600.000     1.00000
