the number of points per synthesis =   2101
start =  10680.000     stop =  10890.000     step =      0.100
 10680.000     1.00000
 10680.100     1.00000
 10680.200     1.00000
 10680.300     1.00000
 10680.400     1.00000
 10680.500     0.99965
 10680.600     0.99941
 10680.700     0.99918
 10680.800     0.99897
 10680.900     0.99874
 10681.000     0.99832
 10681.100     0.99750
 10681.200     0.99616
 10681.300     0.99465
 10681.400     0.99374
 10681.500     0.99373
 10681.600     0.99379
 10681.700     0.99254
 10681.800     0.98953
 10681.900     0.98613
 10682.000     0.98410
 10682.100     0.98307
 10682.200     0.98080
 10682.300     0.97670
 10682.400     0.97276
 10682.500     0.96948
 10682.600     0.96231
 10682.700     0.94384
 10682.800     0.90999
 10682.900     0.86635
 10683.000     0.82971
 10683.100     0.81896
 10683.200     0.84025
 10683.300     0.88169
 10683.400     0.92415
 10683.500     0.95535
 10683.600     0.97367
 10683.700     0.98310
 10683.800     0.98789
 10683.900     0.99056
 10684.000     0.99217
 10684.100     0.99311
 10684.200     0.99358
 10684.300     0.99373
 10684.400     0.99356
 10684.500     0.99299
 10684.600     0.99189
 10684.700     0.98985
 10684.800     0.98538
 10684.900     0.97525
 10685.000     0.95540
 10685.100     0.92493
 10685.200     0.89133
 10685.300     0.86973
 10685.400     0.87238
 10685.500     0.89774
 10685.600     0.93194
 10685.700     0.96091
 10685.800     0.97913
 10685.900     0.98848
 10686.000     0.99284
 10686.100     0.99492
 10686.200     0.99605
 10686.300     0.99677
 10686.400     0.99726
 10686.500     0.99745
 10686.600     0.99708
 10686.700     0.99598
 10686.800     0.99457
 10686.900     0.99369
 10687.000     0.99376
 10687.100     0.99434
 10687.200     0.99470
 10687.300     0.99425
 10687.400     0.99211
 10687.500     0.98719
 10687.600     0.98021
 10687.700     0.97483
 10687.800     0.97496
 10687.900     0.98050
 10688.000     0.98750
 10688.100     0.99239
 10688.200     0.99446
 10688.300     0.99472
 10688.400     0.99414
 10688.500     0.99318
 10688.600     0.99192
 10688.700     0.99009
 10688.800     0.98720
 10688.900     0.98267
 10689.000     0.97564
 10689.100     0.96440
 10689.200     0.94604
 10689.300     0.91710
 10689.400     0.87515
 10689.500     0.82251
 10689.600     0.77261
 10689.700     0.74868
 10689.800     0.76636
 10689.900     0.81723
 10690.000     0.87588
 10690.100     0.92167
 10690.200     0.94937
 10690.300     0.96347
 10690.400     0.96962
 10690.500     0.97106
 10690.600     0.96851
 10690.700     0.96035
 10690.800     0.94267
 10690.900     0.91109
 10691.000     0.86591
 10691.100     0.81804
 10691.200     0.78744
 10691.300     0.79027
 10691.400     0.82531
 10691.500     0.87482
 10691.600     0.91911
 10691.700     0.94895
 10691.800     0.96562
 10691.900     0.97417
 10692.000     0.97879
 10692.100     0.98194
 10692.200     0.98467
 10692.300     0.98691
 10692.400     0.98811
 10692.500     0.98795
 10692.600     0.98684
 10692.700     0.98587
 10692.800     0.98595
 10692.900     0.98684
 10693.000     0.98747
 10693.100     0.98714
 10693.200     0.98591
 10693.300     0.98388
 10693.400     0.98081
 10693.500     0.97603
 10693.600     0.96829
 10693.700     0.95510
 10693.800     0.93190
 10693.900     0.89284
 10694.000     0.83630
 10694.100     0.77371
 10694.200     0.73056
 10694.300     0.73007
 10694.400     0.77250
 10694.500     0.83496
 10694.600     0.89177
 10694.700     0.93104
 10694.800     0.95377
 10694.900     0.96512
 10695.000     0.96969
 10695.100     0.97150
 10695.200     0.97375
 10695.300     0.97731
 10695.400     0.98058
 10695.500     0.98174
 10695.600     0.98114
 10695.700     0.98122
 10695.800     0.98390
 10695.900     0.98844
 10696.000     0.99261
 10696.100     0.99519
 10696.200     0.99641
 10696.300     0.99699
 10696.400     0.99734
 10696.500     0.99767
 10696.600     0.99807
 10696.700     0.99857
 10696.800     0.99905
 10696.900     0.99937
 10697.000     0.99949
 10697.100     0.99953
 10697.200     0.99958
 10697.300     0.99970
 10697.400     0.99983
 10697.500     0.99993
 10697.600     0.99998
 10697.700     0.99999
 10697.800     1.00000
 10697.900     0.99999
 10698.000     0.99998
 10698.100     0.99997
 10698.200     0.99996
 10698.300     0.99996
 10698.400     0.99997
 10698.500     0.99998
 10698.600     0.99999
 10698.700     0.99999
 10698.800     0.99991
 10698.900     0.99958
 10699.000     0.99857
 10699.100     0.99637
 10699.200     0.99315
 10699.300     0.99046
 10699.400     0.99018
 10699.500     0.99250
 10699.600     0.99567
 10699.700     0.99797
 10699.800     0.99903
 10699.900     0.99929
 10700.000     0.99919
 10700.100     0.99889
 10700.200     0.99831
 10700.300     0.99713
 10700.400     0.99500
 10700.500     0.99228
 10700.600     0.99050
 10700.700     0.99114
 10700.800     0.99384
 10700.900     0.99679
 10701.000     0.99870
 10701.100     0.99955
 10701.200     0.99981
 10701.300     0.99983
 10701.400     0.99969
 10701.500     0.99934
 10701.600     0.99871
 10701.700     0.99797
 10701.800     0.99757
 10701.900     0.99779
 10702.000     0.99841
 10702.100     0.99889
 10702.200     0.99895
 10702.300     0.99865
 10702.400     0.99830
 10702.500     0.99810
 10702.600     0.99776
 10702.700     0.99637
 10702.800     0.99295
 10702.900     0.98788
 10703.000     0.98373
 10703.100     0.98320
 10703.200     0.98580
 10703.300     0.98827
 10703.400     0.98850
 10703.500     0.98761
 10703.600     0.98800
 10703.700     0.99030
 10703.800     0.99277
 10703.900     0.99344
 10704.000     0.99224
 10704.100     0.99109
 10704.200     0.99178
 10704.300     0.99420
 10704.400     0.99685
 10704.500     0.99861
 10704.600     0.99939
 10704.700     0.99958
 10704.800     0.99951
 10704.900     0.99936
 10705.000     0.99929
 10705.100     0.99932
 10705.200     0.99939
 10705.300     0.99941
 10705.400     0.99931
 10705.500     0.99897
 10705.600     0.99821
 10705.700     0.99694
 10705.800     0.99551
 10705.900     0.99474
 10706.000     0.99513
 10706.100     0.99628
 10706.200     0.99732
 10706.300     0.99775
 10706.400     0.99757
 10706.500     0.99686
 10706.600     0.99553
 10706.700     0.99308
 10706.800     0.98798
 10706.900     0.97716
 10707.000     0.95708
 10707.100     0.92794
 10707.200     0.89814
 10707.300     0.88188
 10707.400     0.88852
 10707.500     0.91405
 10707.600     0.94462
 10707.700     0.96793
 10707.800     0.98017
 10707.900     0.98464
 10708.000     0.98666
 10708.100     0.98946
 10708.200     0.99301
 10708.300     0.99596
 10708.400     0.99766
 10708.500     0.99843
 10708.600     0.99879
 10708.700     0.99897
 10708.800     0.99906
 10708.900     0.99909
 10709.000     0.99905
 10709.100     0.99900
 10709.200     0.99897
 10709.300     0.99891
 10709.400     0.99852
 10709.500     0.99735
 10709.600     0.99485
 10709.700     0.99064
 10709.800     0.98554
 10709.900     0.98213
 10710.000     0.98292
 10710.100     0.98754
 10710.200     0.99296
 10710.300     0.99660
 10710.400     0.99777
 10710.500     0.99671
 10710.600     0.99394
 10710.700     0.99092
 10710.800     0.98973
 10710.900     0.99124
 10711.000     0.99408
 10711.100     0.99647
 10711.200     0.99784
 10711.300     0.99859
 10711.400     0.99907
 10711.500     0.99937
 10711.600     0.99957
 10711.700     0.99970
 10711.800     0.99978
 10711.900     0.99978
 10712.000     0.99961
 10712.100     0.99912
 10712.200     0.99829
 10712.300     0.99744
 10712.400     0.99716
 10712.500     0.99769
 10712.600     0.99860
 10712.700     0.99933
 10712.800     0.99968
 10712.900     0.99972
 10713.000     0.99957
 10713.100     0.99930
 10713.200     0.99904
 10713.300     0.99891
 10713.400     0.99896
 10713.500     0.99903
 10713.600     0.99894
 10713.700     0.99851
 10713.800     0.99743
 10713.900     0.99545
 10714.000     0.99284
 10714.100     0.99035
 10714.200     0.98832
 10714.300     0.98691
 10714.400     0.98705
 10714.500     0.98961
 10714.600     0.99361
 10714.700     0.99702
 10714.800     0.99886
 10714.900     0.99951
 10715.000     0.99963
 10715.100     0.99950
 10715.200     0.99906
 10715.300     0.99813
 10715.400     0.99693
 10715.500     0.99614
 10715.600     0.99626
 10715.700     0.99704
 10715.800     0.99782
 10715.900     0.99829
 10716.000     0.99855
 10716.100     0.99872
 10716.200     0.99885
 10716.300     0.99898
 10716.400     0.99914
 10716.500     0.99928
 10716.600     0.99929
 10716.700     0.99916
 10716.800     0.99890
 10716.900     0.99858
 10717.000     0.99825
 10717.100     0.99797
 10717.200     0.99733
 10717.300     0.99461
 10717.400     0.98559
 10717.500     0.96339
 10717.600     0.92497
 10717.700     0.88249
 10717.800     0.86163
 10717.900     0.87799
 10718.000     0.91920
 10718.100     0.95917
 10718.200     0.98340
 10718.300     0.99346
 10718.400     0.99591
 10718.500     0.99470
 10718.600     0.99170
 10718.700     0.98889
 10718.800     0.98834
 10718.900     0.99038
 10719.000     0.99308
 10719.100     0.99456
 10719.200     0.99485
 10719.300     0.99518
 10719.400     0.99622
 10719.500     0.99756
 10719.600     0.99858
 10719.700     0.99917
 10719.800     0.99947
 10719.900     0.99963
 10720.000     0.99969
 10720.100     0.99969
 10720.200     0.99964
 10720.300     0.99958
 10720.400     0.99957
 10720.500     0.99963
 10720.600     0.99973
 10720.700     0.99982
 10720.800     0.99985
 10720.900     0.99983
 10721.000     0.99973
 10721.100     0.99948
 10721.200     0.99879
 10721.300     0.99693
 10721.400     0.99287
 10721.500     0.98686
 10721.600     0.98187
 10721.700     0.98161
 10721.800     0.98630
 10721.900     0.99242
 10722.000     0.99668
 10722.100     0.99854
 10722.200     0.99898
 10722.300     0.99862
 10722.400     0.99733
 10722.500     0.99513
 10722.600     0.99304
 10722.700     0.99264
 10722.800     0.99431
 10722.900     0.99675
 10723.000     0.99855
 10723.100     0.99938
 10723.200     0.99961
 10723.300     0.99957
 10723.400     0.99944
 10723.500     0.99936
 10723.600     0.99940
 10723.700     0.99954
 10723.800     0.99969
 10723.900     0.99976
 10724.000     0.99975
 10724.100     0.99972
 10724.200     0.99965
 10724.300     0.99957
 10724.400     0.99944
 10724.500     0.99922
 10724.600     0.99855
 10724.700     0.99605
 10724.800     0.98812
 10724.900     0.96883
 10725.000     0.93683
 10725.100     0.90466
 10725.200     0.89380
 10725.300     0.91245
 10725.400     0.94562
 10725.500     0.97292
 10725.600     0.98692
 10725.700     0.99149
 10725.800     0.99136
 10725.900     0.98680
 10726.000     0.97240
 10726.100     0.93807
 10726.200     0.88100
 10726.300     0.82198
 10726.400     0.79776
 10726.500     0.82404
 10726.600     0.87670
 10726.700     0.91931
 10726.800     0.93509
 10726.900     0.92613
 10727.000     0.89647
 10727.100     0.84674
 10727.200     0.78276
 10727.300     0.72397
 10727.400     0.69739
 10727.500     0.71725
 10727.600     0.77186
 10727.700     0.83427
 10727.800     0.88412
 10727.900     0.91686
 10728.000     0.93706
 10728.100     0.94963
 10728.200     0.95788
 10728.300     0.96464
 10728.400     0.97145
 10728.500     0.97778
 10728.600     0.98252
 10728.700     0.98536
 10728.800     0.98662
 10728.900     0.98623
 10729.000     0.98307
 10729.100     0.97445
 10729.200     0.95699
 10729.300     0.93037
 10729.400     0.90189
 10729.500     0.88515
 10729.600     0.89016
 10729.700     0.91412
 10729.800     0.94426
 10729.900     0.96883
 10730.000     0.98390
 10730.100     0.99149
 10730.200     0.99494
 10730.300     0.99648
 10730.400     0.99713
 10730.500     0.99718
 10730.600     0.99643
 10730.700     0.99461
 10730.800     0.99216
 10730.900     0.99062
 10731.000     0.99139
 10731.100     0.99398
 10731.200     0.99668
 10731.300     0.99835
 10731.400     0.99883
 10731.500     0.99795
 10731.600     0.99453
 10731.700     0.98684
 10731.800     0.97581
 10731.900     0.96725
 10732.000     0.96763
 10732.100     0.97666
 10732.200     0.98762
 10732.300     0.99450
 10732.400     0.99508
 10732.500     0.98709
 10732.600     0.96614
 10732.700     0.93342
 10732.800     0.90450
 10732.900     0.90036
 10733.000     0.92438
 10733.100     0.95819
 10733.200     0.98303
 10733.300     0.99482
 10733.400     0.99873
 10733.500     0.99963
 10733.600     0.99965
 10733.700     0.99942
 10733.800     0.99894
 10733.900     0.99822
 10734.000     0.99762
 10734.100     0.99759
 10734.200     0.99819
 10734.300     0.99894
 10734.400     0.99942
 10734.500     0.99952
 10734.600     0.99939
 10734.700     0.99927
 10734.800     0.99931
 10734.900     0.99947
 10735.000     0.99956
 10735.100     0.99936
 10735.200     0.99859
 10735.300     0.99708
 10735.400     0.99515
 10735.500     0.99365
 10735.600     0.99285
 10735.700     0.99160
 10735.800     0.98884
 10735.900     0.98550
 10736.000     0.98376
 10736.100     0.98482
 10736.200     0.98821
 10736.300     0.99250
 10736.400     0.99612
 10736.500     0.99824
 10736.600     0.99908
 10736.700     0.99931
 10736.800     0.99940
 10736.900     0.99951
 10737.000     0.99966
 10737.100     0.99981
 10737.200     0.99992
 10737.300     0.99998
 10737.400     0.99999
 10737.500     1.00000
 10737.600     1.00000
 10737.700     0.99999
 10737.800     0.99998
 10737.900     0.99996
 10738.000     0.99993
 10738.100     0.99989
 10738.200     0.99980
 10738.300     0.99959
 10738.400     0.99915
 10738.500     0.99839
 10738.600     0.99739
 10738.700     0.99651
 10738.800     0.99631
 10738.900     0.99691
 10739.000     0.99787
 10739.100     0.99855
 10739.200     0.99865
 10739.300     0.99814
 10739.400     0.99725
 10739.500     0.99657
 10739.600     0.99664
 10739.700     0.99743
 10739.800     0.99837
 10739.900     0.99900
 10740.000     0.99924
 10740.100     0.99917
 10740.200     0.99889
 10740.300     0.99851
 10740.400     0.99821
 10740.500     0.99804
 10740.600     0.99797
 10740.700     0.99800
 10740.800     0.99819
 10740.900     0.99845
 10741.000     0.99853
 10741.100     0.99805
 10741.200     0.99630
 10741.300     0.99190
 10741.400     0.98345
 10741.500     0.97143
 10741.600     0.96000
 10741.700     0.95529
 10741.800     0.96028
 10741.900     0.97183
 10742.000     0.98358
 10742.100     0.99111
 10742.200     0.99327
 10742.300     0.99037
 10742.400     0.98397
 10742.500     0.97784
 10742.600     0.97616
 10742.700     0.97974
 10742.800     0.98579
 10742.900     0.99126
 10743.000     0.99466
 10743.100     0.99592
 10743.200     0.99592
 10743.300     0.99588
 10743.400     0.99649
 10743.500     0.99756
 10743.600     0.99856
 10743.700     0.99918
 10743.800     0.99939
 10743.900     0.99925
 10744.000     0.99873
 10744.100     0.99763
 10744.200     0.99526
 10744.300     0.99054
 10744.400     0.98352
 10744.500     0.97686
 10744.600     0.97400
 10744.700     0.97578
 10744.800     0.98035
 10744.900     0.98573
 10745.000     0.99077
 10745.100     0.99473
 10745.200     0.99728
 10745.300     0.99863
 10745.400     0.99923
 10745.500     0.99946
 10745.600     0.99953
 10745.700     0.99949
 10745.800     0.99931
 10745.900     0.99863
 10746.000     0.99643
 10746.100     0.99053
 10746.200     0.97870
 10746.300     0.96247
 10746.400     0.94946
 10746.500     0.94779
 10746.600     0.95730
 10746.700     0.97026
 10746.800     0.98004
 10746.900     0.98514
 10747.000     0.98661
 10747.100     0.98581
 10747.200     0.98440
 10747.300     0.98392
 10747.400     0.98475
 10747.500     0.98601
 10747.600     0.98667
 10747.700     0.98631
 10747.800     0.98508
 10747.900     0.98312
 10748.000     0.98037
 10748.100     0.97671
 10748.200     0.97228
 10748.300     0.96740
 10748.400     0.96198
 10748.500     0.95514
 10748.600     0.94538
 10748.700     0.93089
 10748.800     0.90901
 10748.900     0.87517
 10749.000     0.82323
 10749.100     0.75105
 10749.200     0.66983
 10749.300     0.60687
 10749.400     0.59110
 10749.500     0.63070
 10749.600     0.70605
 10749.700     0.78589
 10749.800     0.84929
 10749.900     0.89230
 10750.000     0.92010
 10750.100     0.93856
 10750.200     0.95140
 10750.300     0.96071
 10750.400     0.96764
 10750.500     0.97290
 10750.600     0.97698
 10750.700     0.98018
 10750.800     0.98273
 10750.900     0.98480
 10751.000     0.98653
 10751.100     0.98801
 10751.200     0.98929
 10751.300     0.99037
 10751.400     0.99124
 10751.500     0.99192
 10751.600     0.99248
 10751.700     0.99312
 10751.800     0.99404
 10751.900     0.99509
 10752.000     0.99567
 10752.100     0.99539
 10752.200     0.99469
 10752.300     0.99450
 10752.400     0.99459
 10752.500     0.99200
 10752.600     0.97963
 10752.700     0.94697
 10752.800     0.89011
 10752.900     0.82807
 10753.000     0.79866
 10753.100     0.82379
 10753.200     0.88467
 10753.300     0.94311
 10753.400     0.97790
 10753.500     0.99151
 10753.600     0.99359
 10753.700     0.98988
 10753.800     0.98275
 10753.900     0.97417
 10754.000     0.96557
 10754.100     0.95765
 10754.200     0.95252
 10754.300     0.95429
 10754.400     0.96326
 10754.500     0.97286
 10754.600     0.97683
 10754.700     0.97673
 10754.800     0.97859
 10754.900     0.98465
 10755.000     0.99176
 10755.100     0.99665
 10755.200     0.99885
 10755.300     0.99957
 10755.400     0.99976
 10755.500     0.99982
 10755.600     0.99986
 10755.700     0.99988
 10755.800     0.99987
 10755.900     0.99982
 10756.000     0.99971
 10756.100     0.99954
 10756.200     0.99926
 10756.300     0.99866
 10756.400     0.99731
 10756.500     0.99521
 10756.600     0.99333
 10756.700     0.99289
 10756.800     0.99385
 10756.900     0.99501
 10757.000     0.99571
 10757.100     0.99641
 10757.200     0.99749
 10757.300     0.99863
 10757.400     0.99941
 10757.500     0.99976
 10757.600     0.99987
 10757.700     0.99988
 10757.800     0.99987
 10757.900     0.99988
 10758.000     0.99991
 10758.100     0.99994
 10758.200     0.99996
 10758.300     0.99994
 10758.400     0.99986
 10758.500     0.99969
 10758.600     0.99941
 10758.700     0.99906
 10758.800     0.99882
 10758.900     0.99883
 10759.000     0.99904
 10759.100     0.99932
 10759.200     0.99953
 10759.300     0.99963
 10759.400     0.99969
 10759.500     0.99975
 10759.600     0.99981
 10759.700     0.99986
 10759.800     0.99988
 10759.900     0.99987
 10760.000     0.99978
 10760.100     0.99946
 10760.200     0.99870
 10760.300     0.99748
 10760.400     0.99627
 10760.500     0.99586
 10760.600     0.99647
 10760.700     0.99748
 10760.800     0.99818
 10760.900     0.99827
 10761.000     0.99756
 10761.100     0.99535
 10761.200     0.99077
 10761.300     0.98448
 10761.400     0.97967
 10761.500     0.97972
 10761.600     0.98451
 10761.700     0.99061
 10761.800     0.99488
 10761.900     0.99626
 10762.000     0.99483
 10762.100     0.99151
 10762.200     0.98859
 10762.300     0.98851
 10762.400     0.99139
 10762.500     0.99505
 10762.600     0.99756
 10762.700     0.99871
 10762.800     0.99918
 10762.900     0.99941
 10763.000     0.99946
 10763.100     0.99933
 10763.200     0.99902
 10763.300     0.99866
 10763.400     0.99846
 10763.500     0.99852
 10763.600     0.99866
 10763.700     0.99866
 10763.800     0.99856
 10763.900     0.99862
 10764.000     0.99896
 10764.100     0.99938
 10764.200     0.99969
 10764.300     0.99982
 10764.400     0.99986
 10764.500     0.99985
 10764.600     0.99986
 10764.700     0.99987
 10764.800     0.99988
 10764.900     0.99989
 10765.000     0.99990
 10765.100     0.99989
 10765.200     0.99989
 10765.300     0.99987
 10765.400     0.99985
 10765.500     0.99983
 10765.600     0.99978
 10765.700     0.99969
 10765.800     0.99954
 10765.900     0.99926
 10766.000     0.99867
 10766.100     0.99743
 10766.200     0.99531
 10766.300     0.99267
 10766.400     0.99074
 10766.500     0.99077
 10766.600     0.99272
 10766.700     0.99536
 10766.800     0.99747
 10766.900     0.99869
 10767.000     0.99927
 10767.100     0.99951
 10767.200     0.99962
 10767.300     0.99965
 10767.400     0.99962
 10767.500     0.99956
 10767.600     0.99946
 10767.700     0.99930
 10767.800     0.99883
 10767.900     0.99730
 10768.000     0.99299
 10768.100     0.98383
 10768.200     0.97040
 10768.300     0.95875
 10768.400     0.95670
 10768.500     0.96530
 10768.600     0.97717
 10768.700     0.98471
 10768.800     0.98695
 10768.900     0.98772
 10769.000     0.98995
 10769.100     0.99336
 10769.200     0.99628
 10769.300     0.99788
 10769.400     0.99839
 10769.500     0.99838
 10769.600     0.99809
 10769.700     0.99721
 10769.800     0.99495
 10769.900     0.99078
 10770.000     0.98566
 10770.100     0.98229
 10770.200     0.98300
 10770.300     0.98729
 10770.400     0.99240
 10770.500     0.99612
 10770.600     0.99802
 10770.700     0.99847
 10770.800     0.99733
 10770.900     0.99335
 10771.000     0.98522
 10771.100     0.97471
 10771.200     0.96788
 10771.300     0.96999
 10771.400     0.97933
 10771.500     0.98936
 10771.600     0.99573
 10771.700     0.99848
 10771.800     0.99934
 10771.900     0.99938
 10772.000     0.99894
 10772.100     0.99810
 10772.200     0.99717
 10772.300     0.99678
 10772.400     0.99727
 10772.500     0.99827
 10772.600     0.99917
 10772.700     0.99967
 10772.800     0.99986
 10772.900     0.99992
 10773.000     0.99992
 10773.100     0.99985
 10773.200     0.99961
 10773.300     0.99886
 10773.400     0.99718
 10773.500     0.99475
 10773.600     0.99276
 10773.700     0.99267
 10773.800     0.99450
 10773.900     0.99679
 10774.000     0.99822
 10774.100     0.99864
 10774.200     0.99858
 10774.300     0.99819
 10774.400     0.99634
 10774.500     0.98974
 10774.600     0.97359
 10774.700     0.94807
 10774.800     0.92499
 10774.900     0.92084
 10775.000     0.93831
 10775.100     0.96239
 10775.200     0.97747
 10775.300     0.98052
 10775.400     0.97794
 10775.500     0.97708
 10775.600     0.98104
 10775.700     0.98788
 10775.800     0.99388
 10775.900     0.99729
 10776.000     0.99859
 10776.100     0.99887
 10776.200     0.99884
 10776.300     0.99889
 10776.400     0.99912
 10776.500     0.99941
 10776.600     0.99962
 10776.700     0.99972
 10776.800     0.99969
 10776.900     0.99954
 10777.000     0.99925
 10777.100     0.99881
 10777.200     0.99825
 10777.300     0.99770
 10777.400     0.99736
 10777.500     0.99745
 10777.600     0.99795
 10777.700     0.99858
 10777.800     0.99901
 10777.900     0.99910
 10778.000     0.99883
 10778.100     0.99838
 10778.200     0.99802
 10778.300     0.99800
 10778.400     0.99819
 10778.500     0.99833
 10778.600     0.99833
 10778.700     0.99836
 10778.800     0.99862
 10778.900     0.99903
 10779.000     0.99939
 10779.100     0.99959
 10779.200     0.99959
 10779.300     0.99932
 10779.400     0.99875
 10779.500     0.99808
 10779.600     0.99775
 10779.700     0.99802
 10779.800     0.99862
 10779.900     0.99907
 10780.000     0.99915
 10780.100     0.99865
 10780.200     0.99658
 10780.300     0.99011
 10780.400     0.97401
 10780.500     0.94593
 10780.600     0.91542
 10780.700     0.90195
 10780.800     0.91571
 10780.900     0.94550
 10781.000     0.97214
 10781.100     0.98650
 10781.200     0.99097
 10781.300     0.99142
 10781.400     0.99159
 10781.500     0.99183
 10781.600     0.98977
 10781.700     0.98192
 10781.800     0.96577
 10781.900     0.94397
 10782.000     0.92696
 10782.100     0.92599
 10782.200     0.94144
 10782.300     0.96274
 10782.400     0.97938
 10782.500     0.98659
 10782.600     0.98108
 10782.700     0.95484
 10782.800     0.89913
 10782.900     0.82310
 10783.000     0.76482
 10783.100     0.76482
 10783.200     0.82309
 10783.300     0.89919
 10783.400     0.95534
 10783.500     0.98320
 10783.600     0.99312
 10783.700     0.99556
 10783.800     0.99552
 10783.900     0.99436
 10784.000     0.99143
 10784.100     0.98443
 10784.200     0.96929
 10784.300     0.94266
 10784.400     0.90836
 10784.500     0.88105
 10784.600     0.87701
 10784.700     0.89834
 10784.800     0.93073
 10784.900     0.95767
 10785.000     0.97211
 10785.100     0.97498
 10785.200     0.97005
 10785.300     0.96273
 10785.400     0.95924
 10785.500     0.96208
 10785.600     0.96779
 10785.700     0.97118
 10785.800     0.97001
 10785.900     0.96504
 10786.000     0.95762
 10786.100     0.94787
 10786.200     0.93390
 10786.300     0.91178
 10786.400     0.87548
 10786.500     0.81868
 10786.600     0.74195
 10786.700     0.66194
 10786.800     0.60952
 10786.900     0.61022
 10787.000     0.66367
 10787.100     0.74397
 10787.200     0.82047
 10787.300     0.87704
 10787.400     0.91359
 10787.500     0.93651
 10787.600     0.95141
 10787.700     0.96157
 10787.800     0.96881
 10787.900     0.97418
 10788.000     0.97835
 10788.100     0.98168
 10788.200     0.98435
 10788.300     0.98647
 10788.400     0.98815
 10788.500     0.98950
 10788.600     0.99062
 10788.700     0.99160
 10788.800     0.99246
 10788.900     0.99321
 10789.000     0.99388
 10789.100     0.99461
 10789.200     0.99556
 10789.300     0.99680
 10789.400     0.99811
 10789.500     0.99914
 10789.600     0.99971
 10789.700     0.99992
 10789.800     0.99997
 10789.900     0.99995
 10790.000     0.99988
 10790.100     0.99971
 10790.200     0.99935
 10790.300     0.99881
 10790.400     0.99833
 10790.500     0.99823
 10790.600     0.99858
 10790.700     0.99909
 10790.800     0.99947
 10790.900     0.99959
 10791.000     0.99947
 10791.100     0.99911
 10791.200     0.99847
 10791.300     0.99770
 10791.400     0.99716
 10791.500     0.99722
 10791.600     0.99785
 10791.700     0.99864
 10791.800     0.99923
 10791.900     0.99947
 10792.000     0.99945
 10792.100     0.99925
 10792.200     0.99892
 10792.300     0.99837
 10792.400     0.99763
 10792.500     0.99709
 10792.600     0.99719
 10792.700     0.99790
 10792.800     0.99866
 10792.900     0.99911
 10793.000     0.99931
 10793.100     0.99946
 10793.200     0.99962
 10793.300     0.99967
 10793.400     0.99946
 10793.500     0.99885
 10793.600     0.99785
 10793.700     0.99683
 10793.800     0.99647
 10793.900     0.99706
 10794.000     0.99814
 10794.100     0.99901
 10794.200     0.99942
 10794.300     0.99945
 10794.400     0.99902
 10794.500     0.99750
 10794.600     0.99392
 10794.700     0.98832
 10794.800     0.98327
 10794.900     0.98237
 10795.000     0.98635
 10795.100     0.99215
 10795.200     0.99647
 10795.300     0.99849
 10795.400     0.99901
 10795.500     0.99873
 10795.600     0.99755
 10795.700     0.99435
 10795.800     0.98708
 10795.900     0.97482
 10796.000     0.96144
 10796.100     0.95494
 10796.200     0.96020
 10796.300     0.97333
 10796.400     0.98617
 10796.500     0.99414
 10796.600     0.99765
 10796.700     0.99873
 10796.800     0.99866
 10796.900     0.99780
 10797.000     0.99631
 10797.100     0.99482
 10797.200     0.99434
 10797.300     0.99528
 10797.400     0.99700
 10797.500     0.99849
 10797.600     0.99930
 10797.700     0.99958
 10797.800     0.99957
 10797.900     0.99939
 10798.000     0.99910
 10798.100     0.99877
 10798.200     0.99838
 10798.300     0.99774
 10798.400     0.99689
 10798.500     0.99628
 10798.600     0.99645
 10798.700     0.99733
 10798.800     0.99829
 10798.900     0.99866
 10799.000     0.99802
 10799.100     0.99624
 10799.200     0.99387
 10799.300     0.99230
 10799.400     0.99272
 10799.500     0.99475
 10799.600     0.99695
 10799.700     0.99828
 10799.800     0.99874
 10799.900     0.99883
 10800.000     0.99895
 10800.100     0.99918
 10800.200     0.99943
 10800.300     0.99960
 10800.400     0.99965
 10800.500     0.99954
 10800.600     0.99933
 10800.700     0.99909
 10800.800     0.99852
 10800.900     0.99622
 10801.000     0.98854
 10801.100     0.97060
 10801.200     0.94325
 10801.300     0.91977
 10801.400     0.91733
 10801.500     0.93796
 10801.600     0.96600
 10801.700     0.98624
 10801.800     0.99567
 10801.900     0.99867
 10802.000     0.99923
 10802.100     0.99914
 10802.200     0.99908
 10802.300     0.99907
 10802.400     0.99894
 10802.500     0.99852
 10802.600     0.99798
 10802.700     0.99771
 10802.800     0.99795
 10802.900     0.99855
 10803.000     0.99915
 10803.100     0.99954
 10803.200     0.99972
 10803.300     0.99980
 10803.400     0.99984
 10803.500     0.99986
 10803.600     0.99986
 10803.700     0.99977
 10803.800     0.99947
 10803.900     0.99869
 10804.000     0.99719
 10804.100     0.99520
 10804.200     0.99373
 10804.300     0.99376
 10804.400     0.99522
 10804.500     0.99708
 10804.600     0.99852
 10804.700     0.99933
 10804.800     0.99969
 10804.900     0.99983
 10805.000     0.99988
 10805.100     0.99989
 10805.200     0.99987
 10805.300     0.99975
 10805.400     0.99937
 10805.500     0.99853
 10805.600     0.99734
 10805.700     0.99643
 10805.800     0.99645
 10805.900     0.99734
 10806.000     0.99841
 10806.100     0.99898
 10806.200     0.99883
 10806.300     0.99811
 10806.400     0.99736
 10806.500     0.99719
 10806.600     0.99771
 10806.700     0.99849
 10806.800     0.99909
 10806.900     0.99943
 10807.000     0.99960
 10807.100     0.99957
 10807.200     0.99920
 10807.300     0.99837
 10807.400     0.99723
 10807.500     0.99630
 10807.600     0.99605
 10807.700     0.99635
 10807.800     0.99683
 10807.900     0.99739
 10808.000     0.99813
 10808.100     0.99886
 10808.200     0.99919
 10808.300     0.99862
 10808.400     0.99639
 10808.500     0.99194
 10808.600     0.98574
 10808.700     0.97926
 10808.800     0.97371
 10808.900     0.96922
 10809.000     0.96538
 10809.100     0.96198
 10809.200     0.95879
 10809.300     0.95525
 10809.400     0.95066
 10809.500     0.94482
 10809.600     0.93815
 10809.700     0.93117
 10809.800     0.92374
 10809.900     0.91507
 10810.000     0.90434
 10810.100     0.89103
 10810.200     0.87478
 10810.300     0.85508
 10810.400     0.83118
 10810.500     0.80179
 10810.600     0.76491
 10810.700     0.71823
 10810.800     0.66179
 10810.900     0.60221
 10811.000     0.55370
 10811.100     0.53204
 10811.200     0.54547
 10811.300     0.58963
 10811.400     0.64994
 10811.500     0.70999
 10811.600     0.75983
 10811.700     0.79792
 10811.800     0.82737
 10811.900     0.85160
 10812.000     0.87234
 10812.100     0.88982
 10812.200     0.90378
 10812.300     0.91425
 10812.400     0.92197
 10812.500     0.92856
 10812.600     0.93558
 10812.700     0.94319
 10812.800     0.95019
 10812.900     0.95562
 10813.000     0.95954
 10813.100     0.96273
 10813.200     0.96587
 10813.300     0.96935
 10813.400     0.97352
 10813.500     0.97884
 10813.600     0.98522
 10813.700     0.99146
 10813.800     0.99608
 10813.900     0.99861
 10814.000     0.99962
 10814.100     0.99992
 10814.200     0.99996
 10814.300     0.99993
 10814.400     0.99984
 10814.500     0.99972
 10814.600     0.99960
 10814.700     0.99958
 10814.800     0.99965
 10814.900     0.99977
 10815.000     0.99984
 10815.100     0.99986
 10815.200     0.99985
 10815.300     0.99981
 10815.400     0.99973
 10815.500     0.99947
 10815.600     0.99888
 10815.700     0.99798
 10815.800     0.99722
 10815.900     0.99716
 10816.000     0.99779
 10816.100     0.99861
 10816.200     0.99915
 10816.300     0.99930
 10816.400     0.99877
 10816.500     0.99644
 10816.600     0.98975
 10816.700     0.97673
 10816.800     0.96070
 10816.900     0.95112
 10817.000     0.95481
 10817.100     0.96808
 10817.200     0.98177
 10817.300     0.99078
 10817.400     0.99544
 10817.500     0.99758
 10817.600     0.99831
 10817.700     0.99746
 10817.800     0.99248
 10817.900     0.97640
 10818.000     0.93959
 10818.100     0.88272
 10818.200     0.83046
 10818.300     0.81790
 10818.400     0.85401
 10818.500     0.91166
 10818.600     0.95858
 10818.700     0.98404
 10818.800     0.99441
 10818.900     0.99792
 10819.000     0.99893
 10819.100     0.99909
 10819.200     0.99867
 10819.300     0.99758
 10819.400     0.99607
 10819.500     0.99501
 10819.600     0.99520
 10819.700     0.99646
 10819.800     0.99782
 10819.900     0.99849
 10820.000     0.99804
 10820.100     0.99614
 10820.200     0.99293
 10820.300     0.98986
 10820.400     0.98899
 10820.500     0.99100
 10820.600     0.99442
 10820.700     0.99718
 10820.800     0.99819
 10820.900     0.99732
 10821.000     0.99497
 10821.100     0.99204
 10821.200     0.98876
 10821.300     0.98188
 10821.400     0.96502
 10821.500     0.93765
 10821.600     0.91346
 10821.700     0.91111
 10821.800     0.93305
 10821.900     0.96268
 10822.000     0.98394
 10822.100     0.99393
 10822.200     0.99749
 10822.300     0.99870
 10822.400     0.99908
 10822.500     0.99911
 10822.600     0.99899
 10822.700     0.99895
 10822.800     0.99904
 10822.900     0.99920
 10823.000     0.99932
 10823.100     0.99942
 10823.200     0.99951
 10823.300     0.99956
 10823.400     0.99956
 10823.500     0.99954
 10823.600     0.99955
 10823.700     0.99958
 10823.800     0.99959
 10823.900     0.99954
 10824.000     0.99939
 10824.100     0.99901
 10824.200     0.99810
 10824.300     0.99619
 10824.400     0.99280
 10824.500     0.98792
 10824.600     0.98229
 10824.700     0.97662
 10824.800     0.97070
 10824.900     0.96422
 10825.000     0.95846
 10825.100     0.95557
 10825.200     0.95603
 10825.300     0.95786
 10825.400     0.95862
 10825.500     0.95722
 10825.600     0.95381
 10825.700     0.94883
 10825.800     0.94247
 10825.900     0.93466
 10826.000     0.92509
 10826.100     0.91327
 10826.200     0.89858
 10826.300     0.88047
 10826.400     0.85838
 10826.500     0.83109
 10826.600     0.79534
 10826.700     0.74592
 10826.800     0.68030
 10826.900     0.60688
 10827.000     0.54805
 10827.100     0.52905
 10827.200     0.55908
 10827.300     0.62371
 10827.400     0.69693
 10827.500     0.75953
 10827.600     0.80599
 10827.700     0.83918
 10827.800     0.86375
 10827.900     0.88332
 10828.000     0.89976
 10828.100     0.91321
 10828.200     0.92350
 10828.300     0.93158
 10828.400     0.93912
 10828.500     0.94685
 10828.600     0.95406
 10828.700     0.95982
 10828.800     0.96375
 10828.900     0.96560
 10829.000     0.96492
 10829.100     0.96213
 10829.200     0.95972
 10829.300     0.96110
 10829.400     0.96738
 10829.500     0.97617
 10829.600     0.98421
 10829.700     0.98991
 10829.800     0.99356
 10829.900     0.99592
 10830.000     0.99741
 10830.100     0.99822
 10830.200     0.99855
 10830.300     0.99860
 10830.400     0.99847
 10830.500     0.99823
 10830.600     0.99793
 10830.700     0.99766
 10830.800     0.99743
 10830.900     0.99720
 10831.000     0.99680
 10831.100     0.99605
 10831.200     0.99479
 10831.300     0.99276
 10831.400     0.98941
 10831.500     0.98369
 10831.600     0.97395
 10831.700     0.95912
 10831.800     0.94209
 10831.900     0.93087
 10832.000     0.93266
 10832.100     0.94605
 10832.200     0.96223
 10832.300     0.97335
 10832.400     0.97756
 10832.500     0.97770
 10832.600     0.97772
 10832.700     0.97974
 10832.800     0.98295
 10832.900     0.98487
 10833.000     0.98303
 10833.100     0.97569
 10833.200     0.96351
 10833.300     0.95177
 10833.400     0.94798
 10833.500     0.95446
 10833.600     0.96475
 10833.700     0.96952
 10833.800     0.96564
 10833.900     0.95917
 10834.000     0.95906
 10834.100     0.96754
 10834.200     0.97856
 10834.300     0.98494
 10834.400     0.98279
 10834.500     0.96926
 10834.600     0.94169
 10834.700     0.90413
 10834.800     0.87273
 10834.900     0.86668
 10835.000     0.89018
 10835.100     0.92802
 10835.200     0.96117
 10835.300     0.98142
 10835.400     0.99105
 10835.500     0.99503
 10835.600     0.99663
 10835.700     0.99724
 10835.800     0.99723
 10835.900     0.99674
 10836.000     0.99607
 10836.100     0.99579
 10836.200     0.99626
 10836.300     0.99727
 10836.400     0.99821
 10836.500     0.99874
 10836.600     0.99890
 10836.700     0.99889
 10836.800     0.99879
 10836.900     0.99859
 10837.000     0.99827
 10837.100     0.99790
 10837.200     0.99753
 10837.300     0.99720
 10837.400     0.99695
 10837.500     0.99688
 10837.600     0.99698
 10837.700     0.99708
 10837.800     0.99703
 10837.900     0.99682
 10838.000     0.99647
 10838.100     0.99588
 10838.200     0.99481
 10838.300     0.99293
 10838.400     0.98948
 10838.500     0.98278
 10838.600     0.96959
 10838.700     0.94653
 10838.800     0.91582
 10838.900     0.88993
 10839.000     0.88471
 10839.100     0.90384
 10839.200     0.93480
 10839.300     0.96205
 10839.400     0.97916
 10839.500     0.98798
 10839.600     0.99226
 10839.700     0.99447
 10839.800     0.99579
 10839.900     0.99668
 10840.000     0.99730
 10840.100     0.99776
 10840.200     0.99810
 10840.300     0.99836
 10840.400     0.99856
 10840.500     0.99872
 10840.600     0.99884
 10840.700     0.99890
 10840.800     0.99892
 10840.900     0.99882
 10841.000     0.99846
 10841.100     0.99773
 10841.200     0.99683
 10841.300     0.99628
 10841.400     0.99641
 10841.500     0.99697
 10841.600     0.99747
 10841.700     0.99763
 10841.800     0.99744
 10841.900     0.99687
 10842.000     0.99583
 10842.100     0.99442
 10842.200     0.99320
 10842.300     0.99276
 10842.400     0.99305
 10842.500     0.99344
 10842.600     0.99335
 10842.700     0.99265
 10842.800     0.99137
 10842.900     0.98945
 10843.000     0.98668
 10843.100     0.98256
 10843.200     0.97596
 10843.300     0.96443
 10843.400     0.94333
 10843.500     0.90633
 10843.600     0.85071
 10843.700     0.78680
 10843.800     0.74032
 10843.900     0.73639
 10844.000     0.77733
 10844.100     0.84045
 10844.200     0.89858
 10844.300     0.93862
 10844.400     0.96184
 10844.500     0.97453
 10844.600     0.98172
 10844.700     0.98615
 10844.800     0.98910
 10844.900     0.99116
 10845.000     0.99266
 10845.100     0.99379
 10845.200     0.99469
 10845.300     0.99541
 10845.400     0.99596
 10845.500     0.99633
 10845.600     0.99653
 10845.700     0.99666
 10845.800     0.99685
 10845.900     0.99717
 10846.000     0.99751
 10846.100     0.99775
 10846.200     0.99788
 10846.300     0.99793
 10846.400     0.99773
 10846.500     0.99695
 10846.600     0.99544
 10846.700     0.99383
 10846.800     0.99323
 10846.900     0.99417
 10847.000     0.99603
 10847.100     0.99771
 10847.200     0.99854
 10847.300     0.99829
 10847.400     0.99690
 10847.500     0.99487
 10847.600     0.99346
 10847.700     0.99374
 10847.800     0.99525
 10847.900     0.99637
 10848.000     0.99602
 10848.100     0.99478
 10848.200     0.99420
 10848.300     0.99512
 10848.400     0.99685
 10848.500     0.99823
 10848.600     0.99883
 10848.700     0.99896
 10848.800     0.99890
 10848.900     0.99852
 10849.000     0.99730
 10849.100     0.99438
 10849.200     0.98877
 10849.300     0.98085
 10849.400     0.97421
 10849.500     0.97367
 10849.600     0.98002
 10849.700     0.98877
 10849.800     0.99524
 10849.900     0.99835
 10850.000     0.99937
 10850.100     0.99952
 10850.200     0.99920
 10850.300     0.99834
 10850.400     0.99672
 10850.500     0.99435
 10850.600     0.99192
 10850.700     0.99069
 10850.800     0.99156
 10850.900     0.99404
 10851.000     0.99663
 10851.100     0.99832
 10851.200     0.99908
 10851.300     0.99937
 10851.400     0.99950
 10851.500     0.99962
 10851.600     0.99974
 10851.700     0.99978
 10851.800     0.99968
 10851.900     0.99930
 10852.000     0.99853
 10852.100     0.99747
 10852.200     0.99662
 10852.300     0.99655
 10852.400     0.99725
 10852.500     0.99792
 10852.600     0.99742
 10852.700     0.99445
 10852.800     0.98846
 10852.900     0.98142
 10853.000     0.97762
 10853.100     0.97973
 10853.200     0.98559
 10853.300     0.99105
 10853.400     0.99434
 10853.500     0.99623
 10853.600     0.99768
 10853.700     0.99878
 10853.800     0.99945
 10853.900     0.99975
 10854.000     0.99986
 10854.100     0.99989
 10854.200     0.99989
 10854.300     0.99988
 10854.400     0.99983
 10854.500     0.99969
 10854.600     0.99937
 10854.700     0.99868
 10854.800     0.99743
 10854.900     0.99579
 10855.000     0.99461
 10855.100     0.99479
 10855.200     0.99620
 10855.300     0.99777
 10855.400     0.99870
 10855.500     0.99887
 10855.600     0.99846
 10855.700     0.99746
 10855.800     0.99593
 10855.900     0.99447
 10856.000     0.99402
 10856.100     0.99494
 10856.200     0.99661
 10856.300     0.99813
 10856.400     0.99905
 10856.500     0.99949
 10856.600     0.99967
 10856.700     0.99976
 10856.800     0.99981
 10856.900     0.99984
 10857.000     0.99981
 10857.100     0.99968
 10857.200     0.99932
 10857.300     0.99860
 10857.400     0.99768
 10857.500     0.99709
 10857.600     0.99727
 10857.700     0.99805
 10857.800     0.99889
 10857.900     0.99938
 10858.000     0.99952
 10858.100     0.99946
 10858.200     0.99932
 10858.300     0.99915
 10858.400     0.99900
 10858.500     0.99894
 10858.600     0.99902
 10858.700     0.99919
 10858.800     0.99925
 10858.900     0.99888
 10859.000     0.99762
 10859.100     0.99537
 10859.200     0.99296
 10859.300     0.99195
 10859.400     0.99311
 10859.500     0.99557
 10859.600     0.99779
 10859.700     0.99905
 10859.800     0.99953
 10859.900     0.99965
 10860.000     0.99962
 10860.100     0.99948
 10860.200     0.99913
 10860.300     0.99845
 10860.400     0.99746
 10860.500     0.99657
 10860.600     0.99625
 10860.700     0.99656
 10860.800     0.99708
 10860.900     0.99732
 10861.000     0.99693
 10861.100     0.99535
 10861.200     0.99150
 10861.300     0.98402
 10861.400     0.97322
 10861.500     0.96323
 10861.600     0.96011
 10861.700     0.96603
 10861.800     0.97672
 10861.900     0.98627
 10862.000     0.99210
 10862.100     0.99492
 10862.200     0.99601
 10862.300     0.99578
 10862.400     0.99403
 10862.500     0.99106
 10862.600     0.98847
 10862.700     0.98813
 10862.800     0.98999
 10862.900     0.99155
 10863.000     0.98886
 10863.100     0.97561
 10863.200     0.94237
 10863.300     0.88459
 10863.400     0.81826
 10863.500     0.77909
 10863.600     0.79164
 10863.700     0.84298
 10863.800     0.89890
 10863.900     0.93880
 10864.000     0.96330
 10864.100     0.97878
 10864.200     0.98835
 10864.300     0.99355
 10864.400     0.99610
 10864.500     0.99728
 10864.600     0.99783
 10864.700     0.99810
 10864.800     0.99828
 10864.900     0.99851
 10865.000     0.99879
 10865.100     0.99903
 10865.200     0.99918
 10865.300     0.99927
 10865.400     0.99934
 10865.500     0.99944
 10865.600     0.99953
 10865.700     0.99961
 10865.800     0.99966
 10865.900     0.99969
 10866.000     0.99966
 10866.100     0.99951
 10866.200     0.99918
 10866.300     0.99875
 10866.400     0.99841
 10866.500     0.99829
 10866.600     0.99825
 10866.700     0.99799
 10866.800     0.99707
 10866.900     0.99490
 10867.000     0.99113
 10867.100     0.98631
 10867.200     0.98172
 10867.300     0.97815
 10867.400     0.97541
 10867.500     0.97288
 10867.600     0.97011
 10867.700     0.96686
 10867.800     0.96299
 10867.900     0.95835
 10868.000     0.95277
 10868.100     0.94581
 10868.200     0.93623
 10868.300     0.92118
 10868.400     0.89538
 10868.500     0.85350
 10868.600     0.79808
 10868.700     0.74611
 10868.800     0.71972
 10868.900     0.72427
 10869.000     0.74009
 10869.100     0.73903
 10869.200     0.70569
 10869.300     0.64512
 10869.400     0.57998
 10869.500     0.54066
 10869.600     0.54781
 10869.700     0.59858
 10869.800     0.67039
 10869.900     0.73881
 10870.000     0.79154
 10870.100     0.82797
 10870.200     0.85224
 10870.300     0.86945
 10870.400     0.88468
 10870.500     0.90071
 10870.600     0.91624
 10870.700     0.92832
 10870.800     0.93573
 10870.900     0.93962
 10871.000     0.94238
 10871.100     0.94594
 10871.200     0.95011
 10871.300     0.95204
 10871.400     0.94932
 10871.500     0.94348
 10871.600     0.93943
 10871.700     0.94113
 10871.800     0.94869
 10871.900     0.95867
 10872.000     0.96686
 10872.100     0.97161
 10872.200     0.97423
 10872.300     0.97622
 10872.400     0.97765
 10872.500     0.97850
 10872.600     0.97779
 10872.700     0.97164
 10872.800     0.95741
 10872.900     0.94052
 10873.000     0.93265
 10873.100     0.94038
 10873.200     0.95822
 10873.300     0.97472
 10873.400     0.98290
 10873.500     0.98420
 10873.600     0.98437
 10873.700     0.98721
 10873.800     0.99196
 10873.900     0.99581
 10874.000     0.99708
 10874.100     0.99531
 10874.200     0.99057
 10874.300     0.98447
 10874.400     0.98079
 10874.500     0.98242
 10874.600     0.98794
 10874.700     0.99308
 10874.800     0.99467
 10874.900     0.99236
 10875.000     0.98831
 10875.100     0.98595
 10875.200     0.98731
 10875.300     0.99087
 10875.400     0.99329
 10875.500     0.99280
 10875.600     0.99046
 10875.700     0.98853
 10875.800     0.98759
 10875.900     0.98589
 10876.000     0.98249
 10876.100     0.97995
 10876.200     0.98168
 10876.300     0.98733
 10876.400     0.99328
 10876.500     0.99665
 10876.600     0.99710
 10876.700     0.99538
 10876.800     0.99198
 10876.900     0.98771
 10877.000     0.98452
 10877.100     0.98463
 10877.200     0.98812
 10877.300     0.99277
 10877.400     0.99640
 10877.500     0.99840
 10877.600     0.99918
 10877.700     0.99913
 10877.800     0.99819
 10877.900     0.99566
 10878.000     0.99079
 10878.100     0.98452
 10878.200     0.98031
 10878.300     0.98130
 10878.400     0.98665
 10878.500     0.99258
 10878.600     0.99646
 10878.700     0.99821
 10878.800     0.99879
 10878.900     0.99872
 10879.000     0.99786
 10879.100     0.99556
 10879.200     0.99145
 10879.300     0.98656
 10879.400     0.98282
 10879.500     0.98034
 10879.600     0.97619
 10879.700     0.96834
 10879.800     0.96017
 10879.900     0.95825
 10880.000     0.96513
 10880.100     0.97659
 10880.200     0.98647
 10880.300     0.99155
 10880.400     0.99150
 10880.500     0.98730
 10880.600     0.98173
 10880.700     0.97913
 10880.800     0.98199
 10880.900     0.98822
 10881.000     0.99387
 10881.100     0.99694
 10881.200     0.99731
 10881.300     0.99402
 10881.400     0.98270
 10881.500     0.95712
 10881.600     0.91897
 10881.700     0.88659
 10881.800     0.88263
 10881.900     0.90834
 10882.000     0.94202
 10882.100     0.96479
 10882.200     0.97479
 10882.300     0.97700
 10882.400     0.97133
 10882.500     0.95345
 10882.600     0.92314
 10882.700     0.89097
 10882.800     0.87514
 10882.900     0.88631
 10883.000     0.91695
 10883.100     0.94921
 10883.200     0.97045
 10883.300     0.97853
 10883.400     0.97779
 10883.500     0.97487
 10883.600     0.97525
 10883.700     0.97887
 10883.800     0.97900
 10883.900     0.96453
 10884.000     0.92526
 10884.100     0.86542
 10884.200     0.81418
 10884.300     0.80717
 10884.400     0.84901
 10884.500     0.90817
 10884.600     0.95178
 10884.700     0.97005
 10884.800     0.96809
 10884.900     0.94891
 10885.000     0.90944
 10885.100     0.84961
 10885.200     0.78468
 10885.300     0.74456
 10885.400     0.75234
 10885.500     0.80295
 10885.600     0.86841
 10885.700     0.92254
 10885.800     0.95632
 10885.900     0.97377
 10886.000     0.98211
 10886.100     0.98657
 10886.200     0.98966
 10886.300     0.99173
 10886.400     0.99205
 10886.500     0.98961
 10886.600     0.98455
 10886.700     0.97960
 10886.800     0.97875
 10886.900     0.98309
 10887.000     0.98959
 10887.100     0.99465
 10887.200     0.99724
 10887.300     0.99821
 10887.400     0.99851
 10887.500     0.99862
 10887.600     0.99875
 10887.700     0.99894
 10887.800     0.99919
 10887.900     0.99940
 10888.000     0.99940
 10888.100     0.99892
 10888.200     0.99750
 10888.300     0.99465
 10888.400     0.99049
 10888.500     0.98648
 10888.600     0.98477
 10888.700     0.98573
 10888.800     0.98719
 10888.900     0.98758
 10889.000     0.98810
 10889.100     0.99048
 10889.200     0.99419
 10889.300     0.99734
 10889.400     0.99908
 10889.500     0.99974
 10889.600     1.00000
 10889.700     1.00000
 10889.800     1.00000
 10889.900     1.00000
 10890.000     1.00000
