the number of points per synthesis =   3001
start =  12600.000     stop =  12900.000     step =      0.100
 12600.000     1.00000
 12600.100     1.00000
 12600.200     1.00000
 12600.300     1.00000
 12600.400     1.00000
 12600.500     1.00000
 12600.600     0.98535
 12600.700     0.99288
 12600.800     0.99596
 12600.900     0.99591
 12601.000     0.99353
 12601.100     0.98900
 12601.200     0.98273
 12601.300     0.97607
 12601.400     0.97122
 12601.500     0.97005
 12601.600     0.97275
 12601.700     0.97776
 12601.800     0.98304
 12601.900     0.98741
 12602.000     0.99078
 12602.100     0.99346
 12602.200     0.99560
 12602.300     0.99720
 12602.400     0.99828
 12602.500     0.99890
 12602.600     0.99920
 12602.700     0.99926
 12602.800     0.99911
 12602.900     0.99865
 12603.000     0.99774
 12603.100     0.99629
 12603.200     0.99450
 12603.300     0.99265
 12603.400     0.99059
 12603.500     0.98710
 12603.600     0.98081
 12603.700     0.97230
 12603.800     0.96520
 12603.900     0.96390
 12604.000     0.96970
 12604.100     0.97953
 12604.200     0.98884
 12604.300     0.99501
 12604.400     0.99809
 12604.500     0.99928
 12604.600     0.99964
 12604.700     0.99968
 12604.800     0.99960
 12604.900     0.99941
 12605.000     0.99909
 12605.100     0.99866
 12605.200     0.99819
 12605.300     0.99775
 12605.400     0.99735
 12605.500     0.99696
 12605.600     0.99662
 12605.700     0.99642
 12605.800     0.99639
 12605.900     0.99625
 12606.000     0.99539
 12606.100     0.99292
 12606.200     0.98839
 12606.300     0.98266
 12606.400     0.97820
 12606.500     0.97758
 12606.600     0.98131
 12606.700     0.98735
 12606.800     0.99296
 12606.900     0.99666
 12607.000     0.99853
 12607.100     0.99932
 12607.200     0.99961
 12607.300     0.99970
 12607.400     0.99970
 12607.500     0.99965
 12607.600     0.99954
 12607.700     0.99941
 12607.800     0.99933
 12607.900     0.99927
 12608.000     0.99909
 12608.100     0.99853
 12608.200     0.99728
 12608.300     0.99526
 12608.400     0.99293
 12608.500     0.99126
 12608.600     0.99105
 12608.700     0.99226
 12608.800     0.99398
 12608.900     0.99513
 12609.000     0.99526
 12609.100     0.99474
 12609.200     0.99434
 12609.300     0.99457
 12609.400     0.99534
 12609.500     0.99613
 12609.600     0.99646
 12609.700     0.99608
 12609.800     0.99497
 12609.900     0.99325
 12610.000     0.99128
 12610.100     0.98959
 12610.200     0.98836
 12610.300     0.98707
 12610.400     0.98457
 12610.500     0.97975
 12610.600     0.97225
 12610.700     0.96300
 12610.800     0.95434
 12610.900     0.94916
 12611.000     0.94925
 12611.100     0.95387
 12611.200     0.96050
 12611.300     0.96697
 12611.400     0.97277
 12611.500     0.97841
 12611.600     0.98396
 12611.700     0.98882
 12611.800     0.99239
 12611.900     0.99463
 12612.000     0.99590
 12612.100     0.99661
 12612.200     0.99705
 12612.300     0.99735
 12612.400     0.99758
 12612.500     0.99774
 12612.600     0.99784
 12612.700     0.99787
 12612.800     0.99782
 12612.900     0.99769
 12613.000     0.99743
 12613.100     0.99701
 12613.200     0.99639
 12613.300     0.99547
 12613.400     0.99395
 12613.500     0.99119
 12613.600     0.98610
 12613.700     0.97772
 12613.800     0.96612
 12613.900     0.95337
 12614.000     0.94335
 12614.100     0.93984
 12614.200     0.94412
 12614.300     0.95412
 12614.400     0.96601
 12614.500     0.97665
 12614.600     0.98469
 12614.700     0.99019
 12614.800     0.99367
 12614.900     0.99567
 12615.000     0.99667
 12615.100     0.99700
 12615.200     0.99658
 12615.300     0.99458
 12615.400     0.98884
 12615.500     0.97544
 12615.600     0.95006
 12615.700     0.91319
 12615.800     0.87507
 12615.900     0.85308
 12616.000     0.85916
 12616.100     0.88929
 12616.200     0.92709
 12616.300     0.95765
 12616.400     0.97626
 12616.500     0.98614
 12616.600     0.99171
 12616.700     0.99523
 12616.800     0.99739
 12616.900     0.99854
 12617.000     0.99903
 12617.100     0.99918
 12617.200     0.99922
 12617.300     0.99927
 12617.400     0.99939
 12617.500     0.99953
 12617.600     0.99965
 12617.700     0.99970
 12617.800     0.99964
 12617.900     0.99942
 12618.000     0.99899
 12618.100     0.99839
 12618.200     0.99785
 12618.300     0.99764
 12618.400     0.99784
 12618.500     0.99820
 12618.600     0.99830
 12618.700     0.99789
 12618.800     0.99712
 12618.900     0.99638
 12619.000     0.99583
 12619.100     0.99484
 12619.200     0.99196
 12619.300     0.98593
 12619.400     0.97748
 12619.500     0.97006
 12619.600     0.96787
 12619.700     0.97237
 12619.800     0.98097
 12619.900     0.98947
 12620.000     0.99529
 12620.100     0.99825
 12620.200     0.99944
 12620.300     0.99983
 12620.400     0.99993
 12620.500     0.99996
 12620.600     0.99998
 12620.700     0.99999
 12620.800     0.99999
 12620.900     0.99999
 12621.000     0.99995
 12621.100     0.99984
 12621.200     0.99957
 12621.300     0.99901
 12621.400     0.99809
 12621.500     0.99696
 12621.600     0.99605
 12621.700     0.99576
 12621.800     0.99616
 12621.900     0.99691
 12622.000     0.99763
 12622.100     0.99819
 12622.200     0.99865
 12622.300     0.99907
 12622.400     0.99940
 12622.500     0.99961
 12622.600     0.99970
 12622.700     0.99972
 12622.800     0.99969
 12622.900     0.99957
 12623.000     0.99927
 12623.100     0.99861
 12623.200     0.99738
 12623.300     0.99551
 12623.400     0.99337
 12623.500     0.99169
 12623.600     0.99111
 12623.700     0.99150
 12623.800     0.99201
 12623.900     0.99189
 12624.000     0.99125
 12624.100     0.99097
 12624.200     0.99179
 12624.300     0.99363
 12624.400     0.99574
 12624.500     0.99742
 12624.600     0.99844
 12624.700     0.99895
 12624.800     0.99920
 12624.900     0.99934
 12625.000     0.99940
 12625.100     0.99937
 12625.200     0.99915
 12625.300     0.99873
 12625.400     0.99809
 12625.500     0.99737
 12625.600     0.99676
 12625.700     0.99650
 12625.800     0.99670
 12625.900     0.99722
 12626.000     0.99783
 12626.100     0.99832
 12626.200     0.99863
 12626.300     0.99875
 12626.400     0.99864
 12626.500     0.99819
 12626.600     0.99737
 12626.700     0.99640
 12626.800     0.99563
 12626.900     0.99526
 12627.000     0.99491
 12627.100     0.99352
 12627.200     0.98956
 12627.300     0.98146
 12627.400     0.96879
 12627.500     0.95398
 12627.600     0.94248
 12627.700     0.93979
 12627.800     0.94726
 12627.900     0.96089
 12628.000     0.97458
 12628.100     0.98429
 12628.200     0.98955
 12628.300     0.99199
 12628.400     0.99325
 12628.500     0.99404
 12628.600     0.99449
 12628.700     0.99477
 12628.800     0.99521
 12628.900     0.99591
 12629.000     0.99658
 12629.100     0.99683
 12629.200     0.99655
 12629.300     0.99605
 12629.400     0.99582
 12629.500     0.99618
 12629.600     0.99702
 12629.700     0.99792
 12629.800     0.99839
 12629.900     0.99803
 12630.000     0.99650
 12630.100     0.99377
 12630.200     0.99057
 12630.300     0.98830
 12630.400     0.98814
 12630.500     0.99003
 12630.600     0.99281
 12630.700     0.99527
 12630.800     0.99692
 12630.900     0.99761
 12631.000     0.99694
 12631.100     0.99386
 12631.200     0.98707
 12631.300     0.97643
 12631.400     0.96455
 12631.500     0.95628
 12631.600     0.95540
 12631.700     0.96143
 12631.800     0.97037
 12631.900     0.97844
 12632.000     0.98435
 12632.100     0.98848
 12632.200     0.99118
 12632.300     0.99239
 12632.400     0.99240
 12632.500     0.99215
 12632.600     0.99263
 12632.700     0.99409
 12632.800     0.99599
 12632.900     0.99766
 12633.000     0.99874
 12633.100     0.99929
 12633.200     0.99948
 12633.300     0.99950
 12633.400     0.99944
 12633.500     0.99934
 12633.600     0.99914
 12633.700     0.99867
 12633.800     0.99762
 12633.900     0.99581
 12634.000     0.99349
 12634.100     0.99153
 12634.200     0.99087
 12634.300     0.99173
 12634.400     0.99342
 12634.500     0.99490
 12634.600     0.99563
 12634.700     0.99569
 12634.800     0.99560
 12634.900     0.99587
 12635.000     0.99666
 12635.100     0.99774
 12635.200     0.99869
 12635.300     0.99927
 12635.400     0.99951
 12635.500     0.99955
 12635.600     0.99956
 12635.700     0.99960
 12635.800     0.99969
 12635.900     0.99977
 12636.000     0.99981
 12636.100     0.99977
 12636.200     0.99966
 12636.300     0.99950
 12636.400     0.99932
 12636.500     0.99911
 12636.600     0.99876
 12636.700     0.99808
 12636.800     0.99682
 12636.900     0.99503
 12637.000     0.99320
 12637.100     0.99217
 12637.200     0.99241
 12637.300     0.99362
 12637.400     0.99497
 12637.500     0.99576
 12637.600     0.99577
 12637.700     0.99502
 12637.800     0.99343
 12637.900     0.99045
 12638.000     0.98477
 12638.100     0.97393
 12638.200     0.95332
 12638.300     0.91674
 12638.400     0.86073
 12638.500     0.79247
 12638.600     0.73324
 12638.700     0.70884
 12638.800     0.73160
 12638.900     0.79049
 12639.000     0.85980
 12639.100     0.91725
 12639.200     0.95464
 12639.300     0.97521
 12639.400     0.98554
 12639.500     0.99068
 12639.600     0.99328
 12639.700     0.99454
 12639.800     0.99471
 12639.900     0.99325
 12640.000     0.98915
 12640.100     0.98189
 12640.200     0.97301
 12640.300     0.96635
 12640.400     0.96564
 12640.500     0.97112
 12640.600     0.97913
 12640.700     0.98528
 12640.800     0.98771
 12640.900     0.98759
 12641.000     0.98730
 12641.100     0.98840
 12641.200     0.99088
 12641.300     0.99379
 12641.400     0.99623
 12641.500     0.99788
 12641.600     0.99885
 12641.700     0.99937
 12641.800     0.99961
 12641.900     0.99971
 12642.000     0.99974
 12642.100     0.99974
 12642.200     0.99974
 12642.300     0.99975
 12642.400     0.99977
 12642.500     0.99979
 12642.600     0.99981
 12642.700     0.99981
 12642.800     0.99982
 12642.900     0.99983
 12643.000     0.99984
 12643.100     0.99985
 12643.200     0.99986
 12643.300     0.99985
 12643.400     0.99985
 12643.500     0.99985
 12643.600     0.99984
 12643.700     0.99981
 12643.800     0.99976
 12643.900     0.99968
 12644.000     0.99957
 12644.100     0.99942
 12644.200     0.99921
 12644.300     0.99889
 12644.400     0.99829
 12644.500     0.99717
 12644.600     0.99541
 12644.700     0.99334
 12644.800     0.99176
 12644.900     0.99151
 12645.000     0.99276
 12645.100     0.99488
 12645.200     0.99696
 12645.300     0.99844
 12645.400     0.99924
 12645.500     0.99957
 12645.600     0.99968
 12645.700     0.99972
 12645.800     0.99976
 12645.900     0.99980
 12646.000     0.99984
 12646.100     0.99984
 12646.200     0.99981
 12646.300     0.99977
 12646.400     0.99971
 12646.500     0.99966
 12646.600     0.99959
 12646.700     0.99952
 12646.800     0.99940
 12646.900     0.99921
 12647.000     0.99893
 12647.100     0.99858
 12647.200     0.99825
 12647.300     0.99800
 12647.400     0.99774
 12647.500     0.99725
 12647.600     0.99630
 12647.700     0.99482
 12647.800     0.99289
 12647.900     0.99062
 12648.000     0.98794
 12648.100     0.98403
 12648.200     0.97601
 12648.300     0.95801
 12648.400     0.92338
 12648.500     0.87199
 12648.600     0.81721
 12648.700     0.78272
 12648.800     0.78679
 12648.900     0.82743
 12649.000     0.88423
 12649.100     0.93471
 12649.200     0.96794
 12649.300     0.98518
 12649.400     0.99247
 12649.500     0.99477
 12649.600     0.99464
 12649.700     0.99330
 12649.800     0.99166
 12649.900     0.99053
 12650.000     0.98992
 12650.100     0.98843
 12650.200     0.98392
 12650.300     0.97584
 12650.400     0.96687
 12650.500     0.96183
 12650.600     0.96363
 12650.700     0.97049
 12650.800     0.97782
 12650.900     0.98253
 12651.000     0.98502
 12651.100     0.98724
 12651.200     0.99008
 12651.300     0.99295
 12651.400     0.99511
 12651.500     0.99651
 12651.600     0.99746
 12651.700     0.99815
 12651.800     0.99857
 12651.900     0.99866
 12652.000     0.99835
 12652.100     0.99729
 12652.200     0.99496
 12652.300     0.99114
 12652.400     0.98653
 12652.500     0.98282
 12652.600     0.98163
 12652.700     0.98342
 12652.800     0.98725
 12652.900     0.99158
 12653.000     0.99520
 12653.100     0.99761
 12653.200     0.99894
 12653.300     0.99953
 12653.400     0.99976
 12653.500     0.99984
 12653.600     0.99987
 12653.700     0.99987
 12653.800     0.99985
 12653.900     0.99981
 12654.000     0.99975
 12654.100     0.99969
 12654.200     0.99966
 12654.300     0.99965
 12654.400     0.99964
 12654.500     0.99959
 12654.600     0.99945
 12654.700     0.99916
 12654.800     0.99862
 12654.900     0.99756
 12655.000     0.99546
 12655.100     0.99184
 12655.200     0.98671
 12655.300     0.98105
 12655.400     0.97658
 12655.500     0.97498
 12655.600     0.97690
 12655.700     0.98151
 12655.800     0.98686
 12655.900     0.99111
 12656.000     0.99362
 12656.100     0.99496
 12656.200     0.99596
 12656.300     0.99694
 12656.400     0.99760
 12656.500     0.99754
 12656.600     0.99670
 12656.700     0.99550
 12656.800     0.99456
 12656.900     0.99420
 12657.000     0.99427
 12657.100     0.99452
 12657.200     0.99500
 12657.300     0.99586
 12657.400     0.99699
 12657.500     0.99800
 12657.600     0.99857
 12657.700     0.99875
 12657.800     0.99879
 12657.900     0.99891
 12658.000     0.99911
 12658.100     0.99927
 12658.200     0.99922
 12658.300     0.99880
 12658.400     0.99801
 12658.500     0.99711
 12658.600     0.99657
 12658.700     0.99672
 12658.800     0.99748
 12658.900     0.99843
 12659.000     0.99917
 12659.100     0.99959
 12659.200     0.99976
 12659.300     0.99978
 12659.400     0.99964
 12659.500     0.99928
 12659.600     0.99855
 12659.700     0.99739
 12659.800     0.99603
 12659.900     0.99493
 12660.000     0.99462
 12660.100     0.99525
 12660.200     0.99648
 12660.300     0.99773
 12660.400     0.99862
 12660.500     0.99907
 12660.600     0.99920
 12660.700     0.99906
 12660.800     0.99866
 12660.900     0.99807
 12661.000     0.99749
 12661.100     0.99713
 12661.200     0.99702
 12661.300     0.99704
 12661.400     0.99716
 12661.500     0.99747
 12661.600     0.99805
 12661.700     0.99873
 12661.800     0.99930
 12661.900     0.99963
 12662.000     0.99976
 12662.100     0.99976
 12662.200     0.99972
 12662.300     0.99968
 12662.400     0.99963
 12662.500     0.99957
 12662.600     0.99951
 12662.700     0.99951
 12662.800     0.99957
 12662.900     0.99966
 12663.000     0.99973
 12663.100     0.99976
 12663.200     0.99974
 12663.300     0.99970
 12663.400     0.99959
 12663.500     0.99930
 12663.600     0.99874
 12663.700     0.99795
 12663.800     0.99722
 12663.900     0.99693
 12664.000     0.99725
 12664.100     0.99797
 12664.200     0.99871
 12664.300     0.99920
 12664.400     0.99942
 12664.500     0.99950
 12664.600     0.99955
 12664.700     0.99963
 12664.800     0.99973
 12664.900     0.99983
 12665.000     0.99991
 12665.100     0.99995
 12665.200     0.99995
 12665.300     0.99993
 12665.400     0.99991
 12665.500     0.99987
 12665.600     0.99982
 12665.700     0.99972
 12665.800     0.99952
 12665.900     0.99904
 12666.000     0.99805
 12666.100     0.99634
 12666.200     0.99401
 12666.300     0.99149
 12666.400     0.98887
 12666.500     0.98519
 12666.600     0.97907
 12666.700     0.97056
 12666.800     0.96212
 12666.900     0.95719
 12667.000     0.95771
 12667.100     0.96320
 12667.200     0.97159
 12667.300     0.98031
 12667.400     0.98723
 12667.500     0.99159
 12667.600     0.99390
 12667.700     0.99504
 12667.800     0.99540
 12667.900     0.99495
 12668.000     0.99391
 12668.100     0.99287
 12668.200     0.99239
 12668.300     0.99265
 12668.400     0.99336
 12668.500     0.99415
 12668.600     0.99485
 12668.700     0.99553
 12668.800     0.99629
 12668.900     0.99716
 12669.000     0.99800
 12669.100     0.99860
 12669.200     0.99879
 12669.300     0.99857
 12669.400     0.99816
 12669.500     0.99778
 12669.600     0.99733
 12669.700     0.99622
 12669.800     0.99350
 12669.900     0.98879
 12670.000     0.98321
 12670.100     0.97919
 12670.200     0.97885
 12670.300     0.98202
 12670.400     0.98630
 12670.500     0.98881
 12670.600     0.98784
 12670.700     0.98283
 12670.800     0.97408
 12670.900     0.96323
 12671.000     0.95404
 12671.100     0.95108
 12671.200     0.95595
 12671.300     0.96557
 12671.400     0.97501
 12671.500     0.98169
 12671.600     0.98619
 12671.700     0.98997
 12671.800     0.99351
 12671.900     0.99635
 12672.000     0.99820
 12672.100     0.99918
 12672.200     0.99962
 12672.300     0.99980
 12672.400     0.99986
 12672.500     0.99985
 12672.600     0.99980
 12672.700     0.99969
 12672.800     0.99955
 12672.900     0.99943
 12673.000     0.99940
 12673.100     0.99947
 12673.200     0.99960
 12673.300     0.99972
 12673.400     0.99981
 12673.500     0.99986
 12673.600     0.99989
 12673.700     0.99991
 12673.800     0.99992
 12673.900     0.99992
 12674.000     0.99992
 12674.100     0.99993
 12674.200     0.99995
 12674.300     0.99997
 12674.400     0.99999
 12674.500     1.00000
 12674.600     1.00000
 12674.700     0.99999
 12674.800     0.99996
 12674.900     0.99989
 12675.000     0.99972
 12675.100     0.99941
 12675.200     0.99900
 12675.300     0.99861
 12675.400     0.99841
 12675.500     0.99844
 12675.600     0.99858
 12675.700     0.99864
 12675.800     0.99854
 12675.900     0.99830
 12676.000     0.99788
 12676.100     0.99719
 12676.200     0.99633
 12676.300     0.99569
 12676.400     0.99567
 12676.500     0.99617
 12676.600     0.99662
 12676.700     0.99639
 12676.800     0.99528
 12676.900     0.99361
 12677.000     0.99206
 12677.100     0.99129
 12677.200     0.99150
 12677.300     0.99230
 12677.400     0.99301
 12677.500     0.99317
 12677.600     0.99260
 12677.700     0.99132
 12677.800     0.98949
 12677.900     0.98736
 12678.000     0.98520
 12678.100     0.98291
 12678.200     0.97982
 12678.300     0.97467
 12678.400     0.96562
 12678.500     0.95059
 12678.600     0.92792
 12678.700     0.89692
 12678.800     0.85809
 12678.900     0.81372
 12679.000     0.77000
 12679.100     0.73811
 12679.200     0.73005
 12679.300     0.75067
 12679.400     0.79337
 12679.500     0.84412
 12679.600     0.88995
 12679.700     0.92450
 12679.800     0.94759
 12679.900     0.96193
 12680.000     0.97048
 12680.100     0.97554
 12680.200     0.97870
 12680.300     0.98075
 12680.400     0.98182
 12680.500     0.98192
 12680.600     0.98163
 12680.700     0.98206
 12680.800     0.98385
 12680.900     0.98661
 12681.000     0.98929
 12681.100     0.99103
 12681.200     0.99141
 12681.300     0.99042
 12681.400     0.98862
 12681.500     0.98720
 12681.600     0.98734
 12681.700     0.98920
 12681.800     0.99182
 12681.900     0.99410
 12682.000     0.99560
 12682.100     0.99643
 12682.200     0.99684
 12682.300     0.99697
 12682.400     0.99690
 12682.500     0.99671
 12682.600     0.99643
 12682.700     0.99604
 12682.800     0.99552
 12682.900     0.99484
 12683.000     0.99394
 12683.100     0.99272
 12683.200     0.99101
 12683.300     0.98861
 12683.400     0.98545
 12683.500     0.98181
 12683.600     0.97850
 12683.700     0.97662
 12683.800     0.97695
 12683.900     0.97938
 12684.000     0.98301
 12684.100     0.98676
 12684.200     0.98990
 12684.300     0.99224
 12684.400     0.99390
 12684.500     0.99507
 12684.600     0.99591
 12684.700     0.99654
 12684.800     0.99699
 12684.900     0.99727
 12685.000     0.99728
 12685.100     0.99693
 12685.200     0.99626
 12685.300     0.99556
 12685.400     0.99525
 12685.500     0.99553
 12685.600     0.99614
 12685.700     0.99651
 12685.800     0.99615
 12685.900     0.99501
 12686.000     0.99364
 12686.100     0.99284
 12686.200     0.99315
 12686.300     0.99437
 12686.400     0.99571
 12686.500     0.99642
 12686.600     0.99632
 12686.700     0.99587
 12686.800     0.99572
 12686.900     0.99616
 12687.000     0.99686
 12687.100     0.99718
 12687.200     0.99663
 12687.300     0.99508
 12687.400     0.99263
 12687.500     0.98902
 12687.600     0.98364
 12687.700     0.97654
 12687.800     0.96972
 12687.900     0.96668
 12688.000     0.96968
 12688.100     0.97739
 12688.200     0.98590
 12688.300     0.99187
 12688.400     0.99441
 12688.500     0.99462
 12688.600     0.99419
 12688.700     0.99425
 12688.800     0.99512
 12688.900     0.99646
 12689.000     0.99775
 12689.100     0.99868
 12689.200     0.99926
 12689.300     0.99958
 12689.400     0.99975
 12689.500     0.99980
 12689.600     0.99980
 12689.700     0.99977
 12689.800     0.99973
 12689.900     0.99971
 12690.000     0.99967
 12690.100     0.99959
 12690.200     0.99940
 12690.300     0.99907
 12690.400     0.99852
 12690.500     0.99751
 12690.600     0.99576
 12690.700     0.99323
 12690.800     0.99037
 12690.900     0.98789
 12691.000     0.98624
 12691.100     0.98541
 12691.200     0.98543
 12691.300     0.98650
 12691.400     0.98868
 12691.500     0.99151
 12691.600     0.99430
 12691.700     0.99654
 12691.800     0.99810
 12691.900     0.99905
 12692.000     0.99956
 12692.100     0.99978
 12692.200     0.99987
 12692.300     0.99990
 12692.400     0.99988
 12692.500     0.99977
 12692.600     0.99949
 12692.700     0.99891
 12692.800     0.99806
 12692.900     0.99716
 12693.000     0.99664
 12693.100     0.99676
 12693.200     0.99739
 12693.300     0.99810
 12693.400     0.99862
 12693.500     0.99893
 12693.600     0.99916
 12693.700     0.99938
 12693.800     0.99954
 12693.900     0.99950
 12694.000     0.99906
 12694.100     0.99799
 12694.200     0.99623
 12694.300     0.99419
 12694.400     0.99275
 12694.500     0.99266
 12694.600     0.99393
 12694.700     0.99583
 12694.800     0.99754
 12694.900     0.99863
 12695.000     0.99909
 12695.100     0.99911
 12695.200     0.99898
 12695.300     0.99891
 12695.400     0.99903
 12695.500     0.99928
 12695.600     0.99951
 12695.700     0.99958
 12695.800     0.99943
 12695.900     0.99897
 12696.000     0.99810
 12696.100     0.99674
 12696.200     0.99505
 12696.300     0.99361
 12696.400     0.99319
 12696.500     0.99409
 12696.600     0.99581
 12696.700     0.99754
 12696.800     0.99872
 12696.900     0.99929
 12697.000     0.99951
 12697.100     0.99960
 12697.200     0.99966
 12697.300     0.99970
 12697.400     0.99953
 12697.500     0.99877
 12697.600     0.99662
 12697.700     0.99198
 12697.800     0.98442
 12697.900     0.97557
 12698.000     0.96924
 12698.100     0.96882
 12698.200     0.97421
 12698.300     0.98187
 12698.400     0.98781
 12698.500     0.99028
 12698.600     0.98955
 12698.700     0.98664
 12698.800     0.98283
 12698.900     0.97995
 12699.000     0.97981
 12699.100     0.98287
 12699.200     0.98785
 12699.300     0.99273
 12699.400     0.99622
 12699.500     0.99819
 12699.600     0.99911
 12699.700     0.99949
 12699.800     0.99964
 12699.900     0.99970
 12700.000     0.99974
 12700.100     0.99976
 12700.200     0.99978
 12700.300     0.99979
 12700.400     0.99981
 12700.500     0.99984
 12700.600     0.99986
 12700.700     0.99987
 12700.800     0.99985
 12700.900     0.99977
 12701.000     0.99962
 12701.100     0.99938
 12701.200     0.99913
 12701.300     0.99899
 12701.400     0.99902
 12701.500     0.99920
 12701.600     0.99942
 12701.700     0.99957
 12701.800     0.99964
 12701.900     0.99966
 12702.000     0.99969
 12702.100     0.99974
 12702.200     0.99980
 12702.300     0.99983
 12702.400     0.99982
 12702.500     0.99974
 12702.600     0.99958
 12702.700     0.99932
 12702.800     0.99896
 12702.900     0.99857
 12703.000     0.99823
 12703.100     0.99803
 12703.200     0.99791
 12703.300     0.99765
 12703.400     0.99709
 12703.500     0.99638
 12703.600     0.99599
 12703.700     0.99627
 12703.800     0.99717
 12703.900     0.99824
 12704.000     0.99907
 12704.100     0.99954
 12704.200     0.99975
 12704.300     0.99984
 12704.400     0.99988
 12704.500     0.99991
 12704.600     0.99993
 12704.700     0.99996
 12704.800     0.99998
 12704.900     0.99999
 12705.000     0.99999
 12705.100     0.99997
 12705.200     0.99994
 12705.300     0.99989
 12705.400     0.99981
 12705.500     0.99969
 12705.600     0.99956
 12705.700     0.99946
 12705.800     0.99938
 12705.900     0.99929
 12706.000     0.99919
 12706.100     0.99910
 12706.200     0.99912
 12706.300     0.99926
 12706.400     0.99943
 12706.500     0.99949
 12706.600     0.99929
 12706.700     0.99875
 12706.800     0.99794
 12706.900     0.99713
 12707.000     0.99668
 12707.100     0.99679
 12707.200     0.99735
 12707.300     0.99810
 12707.400     0.99879
 12707.500     0.99930
 12707.600     0.99960
 12707.700     0.99972
 12707.800     0.99964
 12707.900     0.99934
 12708.000     0.99881
 12708.100     0.99801
 12708.200     0.99706
 12708.300     0.99625
 12708.400     0.99596
 12708.500     0.99633
 12708.600     0.99703
 12708.700     0.99752
 12708.800     0.99751
 12708.900     0.99714
 12709.000     0.99680
 12709.100     0.99679
 12709.200     0.99714
 12709.300     0.99765
 12709.400     0.99814
 12709.500     0.99849
 12709.600     0.99859
 12709.700     0.99831
 12709.800     0.99766
 12709.900     0.99692
 12710.000     0.99657
 12710.100     0.99688
 12710.200     0.99769
 12710.300     0.99859
 12710.400     0.99926
 12710.500     0.99962
 12710.600     0.99974
 12710.700     0.99972
 12710.800     0.99961
 12710.900     0.99933
 12711.000     0.99864
 12711.100     0.99728
 12711.200     0.99517
 12711.300     0.99264
 12711.400     0.99030
 12711.500     0.98881
 12711.600     0.98859
 12711.700     0.98965
 12711.800     0.99140
 12711.900     0.99273
 12712.000     0.99261
 12712.100     0.99096
 12712.200     0.98885
 12712.300     0.98779
 12712.400     0.98865
 12712.500     0.99102
 12712.600     0.99376
 12712.700     0.99593
 12712.800     0.99729
 12712.900     0.99812
 12713.000     0.99868
 12713.100     0.99909
 12713.200     0.99939
 12713.300     0.99959
 12713.400     0.99971
 12713.500     0.99978
 12713.600     0.99982
 12713.700     0.99986
 12713.800     0.99988
 12713.900     0.99989
 12714.000     0.99989
 12714.100     0.99988
 12714.200     0.99986
 12714.300     0.99978
 12714.400     0.99948
 12714.500     0.99851
 12714.600     0.99601
 12714.700     0.99093
 12714.800     0.98311
 12714.900     0.97457
 12715.000     0.96907
 12715.100     0.96953
 12715.200     0.97553
 12715.300     0.98381
 12715.400     0.99101
 12715.500     0.99566
 12715.600     0.99803
 12715.700     0.99906
 12715.800     0.99947
 12715.900     0.99966
 12716.000     0.99979
 12716.100     0.99987
 12716.200     0.99990
 12716.300     0.99988
 12716.400     0.99980
 12716.500     0.99964
 12716.600     0.99938
 12716.700     0.99890
 12716.800     0.99812
 12716.900     0.99705
 12717.000     0.99603
 12717.100     0.99559
 12717.200     0.99600
 12717.300     0.99707
 12717.400     0.99826
 12717.500     0.99916
 12717.600     0.99967
 12717.700     0.99989
 12717.800     0.99997
 12717.900     0.99999
 12718.000     1.00000
 12718.100     1.00000
 12718.200     1.00000
 12718.300     0.99999
 12718.400     0.99997
 12718.500     0.99995
 12718.600     0.99993
 12718.700     0.99992
 12718.800     0.99992
 12718.900     0.99992
 12719.000     0.99992
 12719.100     0.99989
 12719.200     0.99985
 12719.300     0.99980
 12719.400     0.99974
 12719.500     0.99949
 12719.600     0.99864
 12719.700     0.99632
 12719.800     0.99127
 12719.900     0.98297
 12720.000     0.97324
 12720.100     0.96637
 12720.200     0.96628
 12720.300     0.97301
 12720.400     0.98267
 12720.500     0.99090
 12720.600     0.99578
 12720.700     0.99781
 12720.800     0.99831
 12720.900     0.99826
 12721.000     0.99814
 12721.100     0.99809
 12721.200     0.99799
 12721.300     0.99752
 12721.400     0.99636
 12721.500     0.99441
 12721.600     0.99219
 12721.700     0.99072
 12721.800     0.99087
 12721.900     0.99257
 12722.000     0.99488
 12722.100     0.99673
 12722.200     0.99761
 12722.300     0.99774
 12722.400     0.99761
 12722.500     0.99769
 12722.600     0.99810
 12722.700     0.99868
 12722.800     0.99921
 12722.900     0.99956
 12723.000     0.99975
 12723.100     0.99985
 12723.200     0.99988
 12723.300     0.99990
 12723.400     0.99991
 12723.500     0.99992
 12723.600     0.99994
 12723.700     0.99996
 12723.800     0.99997
 12723.900     0.99997
 12724.000     0.99995
 12724.100     0.99992
 12724.200     0.99987
 12724.300     0.99977
 12724.400     0.99957
 12724.500     0.99929
 12724.600     0.99897
 12724.700     0.99874
 12724.800     0.99869
 12724.900     0.99880
 12725.000     0.99892
 12725.100     0.99892
 12725.200     0.99881
 12725.300     0.99871
 12725.400     0.99871
 12725.500     0.99876
 12725.600     0.99868
 12725.700     0.99827
 12725.800     0.99742
 12725.900     0.99613
 12726.000     0.99445
 12726.100     0.99255
 12726.200     0.99072
 12726.300     0.98934
 12726.400     0.98861
 12726.500     0.98800
 12726.600     0.98604
 12726.700     0.98120
 12726.800     0.97384
 12726.900     0.96707
 12727.000     0.96482
 12727.100     0.96852
 12727.200     0.97602
 12727.300     0.98390
 12727.400     0.99004
 12727.500     0.99418
 12727.600     0.99681
 12727.700     0.99838
 12727.800     0.99922
 12727.900     0.99961
 12728.000     0.99978
 12728.100     0.99986
 12728.200     0.99988
 12728.300     0.99988
 12728.400     0.99988
 12728.500     0.99988
 12728.600     0.99988
 12728.700     0.99989
 12728.800     0.99988
 12728.900     0.99985
 12729.000     0.99975
 12729.100     0.99953
 12729.200     0.99913
 12729.300     0.99850
 12729.400     0.99753
 12729.500     0.99598
 12729.600     0.99354
 12729.700     0.99020
 12729.800     0.98666
 12729.900     0.98426
 12730.000     0.98413
 12730.100     0.98637
 12730.200     0.98996
 12730.300     0.99349
 12730.400     0.99590
 12730.500     0.99684
 12730.600     0.99661
 12730.700     0.99598
 12730.800     0.99572
 12730.900     0.99621
 12731.000     0.99725
 12731.100     0.99834
 12731.200     0.99912
 12731.300     0.99951
 12731.400     0.99961
 12731.500     0.99946
 12731.600     0.99900
 12731.700     0.99809
 12731.800     0.99664
 12731.900     0.99479
 12732.000     0.99288
 12732.100     0.99139
 12732.200     0.99073
 12732.300     0.99088
 12732.400     0.99130
 12732.500     0.99136
 12732.600     0.99113
 12732.700     0.99134
 12732.800     0.99263
 12732.900     0.99476
 12733.000     0.99686
 12733.100     0.99820
 12733.200     0.99850
 12733.300     0.99770
 12733.400     0.99561
 12733.500     0.99214
 12733.600     0.98798
 12733.700     0.98482
 12733.800     0.98438
 12733.900     0.98688
 12734.000     0.99066
 12734.100     0.99353
 12734.200     0.99434
 12734.300     0.99354
 12734.400     0.99254
 12734.500     0.99259
 12734.600     0.99395
 12734.700     0.99593
 12734.800     0.99766
 12734.900     0.99872
 12735.000     0.99923
 12735.100     0.99939
 12735.200     0.99931
 12735.300     0.99881
 12735.400     0.99741
 12735.500     0.99425
 12735.600     0.98847
 12735.700     0.98028
 12735.800     0.97187
 12735.900     0.96644
 12736.000     0.96540
 12736.100     0.96678
 12736.200     0.96741
 12736.300     0.96676
 12736.400     0.96754
 12736.500     0.97229
 12736.600     0.98033
 12736.700     0.98858
 12736.800     0.99451
 12736.900     0.99769
 12737.000     0.99897
 12737.100     0.99935
 12737.200     0.99937
 12737.300     0.99931
 12737.400     0.99927
 12737.500     0.99922
 12737.600     0.99908
 12737.700     0.99850
 12737.800     0.99680
 12737.900     0.99265
 12738.000     0.98399
 12738.100     0.96930
 12738.200     0.95049
 12738.300     0.93427
 12738.400     0.92867
 12738.500     0.93624
 12738.600     0.95181
 12738.700     0.96756
 12738.800     0.97907
 12738.900     0.98613
 12739.000     0.99007
 12739.100     0.99201
 12739.200     0.99285
 12739.300     0.99355
 12739.400     0.99450
 12739.500     0.99519
 12739.600     0.99448
 12739.700     0.99077
 12739.800     0.98194
 12739.900     0.96644
 12740.000     0.94601
 12740.100     0.92735
 12740.200     0.91930
 12740.300     0.92613
 12740.400     0.94375
 12740.500     0.96303
 12740.600     0.97667
 12740.700     0.98284
 12740.800     0.98410
 12740.900     0.98426
 12741.000     0.98585
 12741.100     0.98914
 12741.200     0.99273
 12741.300     0.99516
 12741.400     0.99595
 12741.500     0.99543
 12741.600     0.99408
 12741.700     0.99233
 12741.800     0.99079
 12741.900     0.99028
 12742.000     0.99130
 12742.100     0.99348
 12742.200     0.99586
 12742.300     0.99769
 12742.400     0.99873
 12742.500     0.99916
 12742.600     0.99903
 12742.700     0.99804
 12742.800     0.99525
 12742.900     0.98918
 12743.000     0.97901
 12743.100     0.96666
 12743.200     0.95719
 12743.300     0.95570
 12743.400     0.96293
 12743.500     0.97457
 12743.600     0.98519
 12743.700     0.99215
 12743.800     0.99580
 12743.900     0.99757
 12744.000     0.99842
 12744.100     0.99875
 12744.200     0.99869
 12744.300     0.99810
 12744.400     0.99648
 12744.500     0.99266
 12744.600     0.98539
 12744.700     0.97499
 12744.800     0.96489
 12744.900     0.96030
 12745.000     0.96406
 12745.100     0.97398
 12745.200     0.98488
 12745.300     0.99286
 12745.400     0.99713
 12745.500     0.99888
 12745.600     0.99946
 12745.700     0.99962
 12745.800     0.99963
 12745.900     0.99940
 12746.000     0.99854
 12746.100     0.99621
 12746.200     0.99138
 12746.300     0.98390
 12746.400     0.97576
 12746.500     0.97074
 12746.600     0.97172
 12746.700     0.97811
 12746.800     0.98638
 12746.900     0.99310
 12747.000     0.99697
 12747.100     0.99852
 12747.200     0.99873
 12747.300     0.99828
 12747.400     0.99760
 12747.500     0.99700
 12747.600     0.99668
 12747.700     0.99657
 12747.800     0.99635
 12747.900     0.99567
 12748.000     0.99456
 12748.100     0.99359
 12748.200     0.99341
 12748.300     0.99421
 12748.400     0.99557
 12748.500     0.99688
 12748.600     0.99772
 12748.700     0.99801
 12748.800     0.99787
 12748.900     0.99743
 12749.000     0.99668
 12749.100     0.99553
 12749.200     0.99374
 12749.300     0.99108
 12749.400     0.98744
 12749.500     0.98292
 12749.600     0.97811
 12749.700     0.97430
 12749.800     0.97317
 12749.900     0.97567
 12750.000     0.98105
 12750.100     0.98724
 12750.200     0.99235
 12750.300     0.99557
 12750.400     0.99715
 12750.500     0.99763
 12750.600     0.99747
 12750.700     0.99701
 12750.800     0.99657
 12750.900     0.99645
 12751.000     0.99681
 12751.100     0.99753
 12751.200     0.99827
 12751.300     0.99874
 12751.400     0.99882
 12751.500     0.99850
 12751.600     0.99784
 12751.700     0.99695
 12751.800     0.99615
 12751.900     0.99586
 12752.000     0.99633
 12752.100     0.99734
 12752.200     0.99840
 12752.300     0.99914
 12752.400     0.99946
 12752.500     0.99953
 12752.600     0.99952
 12752.700     0.99956
 12752.800     0.99965
 12752.900     0.99975
 12753.000     0.99980
 12753.100     0.99979
 12753.200     0.99973
 12753.300     0.99965
 12753.400     0.99958
 12753.500     0.99952
 12753.600     0.99940
 12753.700     0.99920
 12753.800     0.99890
 12753.900     0.99848
 12754.000     0.99777
 12754.100     0.99649
 12754.200     0.99451
 12754.300     0.99228
 12754.400     0.99073
 12754.500     0.99062
 12754.600     0.99194
 12754.700     0.99407
 12754.800     0.99625
 12754.900     0.99796
 12755.000     0.99906
 12755.100     0.99963
 12755.200     0.99987
 12755.300     0.99993
 12755.400     0.99992
 12755.500     0.99988
 12755.600     0.99984
 12755.700     0.99979
 12755.800     0.99975
 12755.900     0.99971
 12756.000     0.99969
 12756.100     0.99970
 12756.200     0.99974
 12756.300     0.99979
 12756.400     0.99983
 12756.500     0.99980
 12756.600     0.99962
 12756.700     0.99905
 12756.800     0.99767
 12756.900     0.99499
 12757.000     0.99104
 12757.100     0.98693
 12757.200     0.98453
 12757.300     0.98512
 12757.400     0.98831
 12757.500     0.99237
 12757.600     0.99566
 12757.700     0.99747
 12757.800     0.99787
 12757.900     0.99719
 12758.000     0.99574
 12758.100     0.99388
 12758.200     0.99195
 12758.300     0.99034
 12758.400     0.98950
 12758.500     0.98982
 12758.600     0.99134
 12758.700     0.99350
 12758.800     0.99545
 12758.900     0.99665
 12759.000     0.99715
 12759.100     0.99739
 12759.200     0.99775
 12759.300     0.99831
 12759.400     0.99892
 12759.500     0.99939
 12759.600     0.99965
 12759.700     0.99970
 12759.800     0.99955
 12759.900     0.99919
 12760.000     0.99868
 12760.100     0.99820
 12760.200     0.99797
 12760.300     0.99811
 12760.400     0.99849
 12760.500     0.99886
 12760.600     0.99899
 12760.700     0.99878
 12760.800     0.99828
 12760.900     0.99765
 12761.000     0.99700
 12761.100     0.99633
 12761.200     0.99559
 12761.300     0.99484
 12761.400     0.99433
 12761.500     0.99427
 12761.600     0.99470
 12761.700     0.99546
 12761.800     0.99620
 12761.900     0.99656
 12762.000     0.99641
 12762.100     0.99608
 12762.200     0.99613
 12762.300     0.99680
 12762.400     0.99783
 12762.500     0.99879
 12762.600     0.99944
 12762.700     0.99976
 12762.800     0.99989
 12762.900     0.99992
 12763.000     0.99990
 12763.100     0.99988
 12763.200     0.99986
 12763.300     0.99985
 12763.400     0.99976
 12763.500     0.99939
 12763.600     0.99826
 12763.700     0.99558
 12763.800     0.99048
 12763.900     0.98308
 12764.000     0.97549
 12764.100     0.97123
 12764.200     0.97276
 12764.300     0.97922
 12764.400     0.98722
 12764.500     0.99359
 12764.600     0.99725
 12764.700     0.99876
 12764.800     0.99907
 12764.900     0.99880
 12765.000     0.99836
 12765.100     0.99805
 12765.200     0.99806
 12765.300     0.99837
 12765.400     0.99881
 12765.500     0.99921
 12765.600     0.99948
 12765.700     0.99964
 12765.800     0.99973
 12765.900     0.99977
 12766.000     0.99976
 12766.100     0.99975
 12766.200     0.99976
 12766.300     0.99979
 12766.400     0.99983
 12766.500     0.99985
 12766.600     0.99982
 12766.700     0.99978
 12766.800     0.99974
 12766.900     0.99972
 12767.000     0.99971
 12767.100     0.99969
 12767.200     0.99964
 12767.300     0.99957
 12767.400     0.99953
 12767.500     0.99955
 12767.600     0.99964
 12767.700     0.99974
 12767.800     0.99982
 12767.900     0.99986
 12768.000     0.99985
 12768.100     0.99979
 12768.200     0.99967
 12768.300     0.99950
 12768.400     0.99930
 12768.500     0.99913
 12768.600     0.99905
 12768.700     0.99909
 12768.800     0.99922
 12768.900     0.99938
 12769.000     0.99950
 12769.100     0.99955
 12769.200     0.99957
 12769.300     0.99960
 12769.400     0.99965
 12769.500     0.99971
 12769.600     0.99977
 12769.700     0.99981
 12769.800     0.99984
 12769.900     0.99988
 12770.000     0.99992
 12770.100     0.99994
 12770.200     0.99993
 12770.300     0.99987
 12770.400     0.99972
 12770.500     0.99946
 12770.600     0.99917
 12770.700     0.99897
 12770.800     0.99896
 12770.900     0.99912
 12771.000     0.99936
 12771.100     0.99957
 12771.200     0.99970
 12771.300     0.99978
 12771.400     0.99983
 12771.500     0.99988
 12771.600     0.99991
 12771.700     0.99993
 12771.800     0.99994
 12771.900     0.99994
 12772.000     0.99993
 12772.100     0.99991
 12772.200     0.99988
 12772.300     0.99981
 12772.400     0.99967
 12772.500     0.99946
 12772.600     0.99912
 12772.700     0.99863
 12772.800     0.99787
 12772.900     0.99676
 12773.000     0.99537
 12773.100     0.99415
 12773.200     0.99370
 12773.300     0.99425
 12773.400     0.99530
 12773.500     0.99603
 12773.600     0.99600
 12773.700     0.99552
 12773.800     0.99527
 12773.900     0.99570
 12774.000     0.99662
 12774.100     0.99752
 12774.200     0.99797
 12774.300     0.99788
 12774.400     0.99733
 12774.500     0.99646
 12774.600     0.99552
 12774.700     0.99483
 12774.800     0.99457
 12774.900     0.99469
 12775.000     0.99511
 12775.100     0.99579
 12775.200     0.99665
 12775.300     0.99749
 12775.400     0.99799
 12775.500     0.99777
 12775.600     0.99617
 12775.700     0.99223
 12775.800     0.98564
 12775.900     0.97798
 12776.000     0.97268
 12776.100     0.97271
 12776.200     0.97789
 12776.300     0.98491
 12776.400     0.99002
 12776.500     0.99152
 12776.600     0.99015
 12776.700     0.98811
 12776.800     0.98756
 12776.900     0.98929
 12777.000     0.99251
 12777.100     0.99570
 12777.200     0.99793
 12777.300     0.99910
 12777.400     0.99956
 12777.500     0.99962
 12777.600     0.99937
 12777.700     0.99879
 12777.800     0.99795
 12777.900     0.99715
 12778.000     0.99676
 12778.100     0.99699
 12778.200     0.99766
 12778.300     0.99843
 12778.400     0.99904
 12778.500     0.99944
 12778.600     0.99967
 12778.700     0.99978
 12778.800     0.99981
 12778.900     0.99978
 12779.000     0.99974
 12779.100     0.99967
 12779.200     0.99956
 12779.300     0.99935
 12779.400     0.99899
 12779.500     0.99843
 12779.600     0.99765
 12779.700     0.99674
 12779.800     0.99592
 12779.900     0.99556
 12780.000     0.99585
 12780.100     0.99655
 12780.200     0.99700
 12780.300     0.99656
 12780.400     0.99510
 12780.500     0.99333
 12780.600     0.99234
 12780.700     0.99280
 12780.800     0.99445
 12780.900     0.99641
 12781.000     0.99797
 12781.100     0.99893
 12781.200     0.99945
 12781.300     0.99971
 12781.400     0.99984
 12781.500     0.99991
 12781.600     0.99995
 12781.700     0.99997
 12781.800     0.99998
 12781.900     0.99997
 12782.000     0.99994
 12782.100     0.99991
 12782.200     0.99988
 12782.300     0.99985
 12782.400     0.99981
 12782.500     0.99974
 12782.600     0.99963
 12782.700     0.99946
 12782.800     0.99924
 12782.900     0.99894
 12783.000     0.99853
 12783.100     0.99796
 12783.200     0.99724
 12783.300     0.99653
 12783.400     0.99617
 12783.500     0.99645
 12783.600     0.99729
 12783.700     0.99830
 12783.800     0.99912
 12783.900     0.99959
 12784.000     0.99980
 12784.100     0.99985
 12784.200     0.99979
 12784.300     0.99959
 12784.400     0.99920
 12784.500     0.99863
 12784.600     0.99806
 12784.700     0.99779
 12784.800     0.99796
 12784.900     0.99848
 12785.000     0.99905
 12785.100     0.99943
 12785.200     0.99941
 12785.300     0.99865
 12785.400     0.99641
 12785.500     0.99167
 12785.600     0.98412
 12785.700     0.97548
 12785.800     0.96941
 12785.900     0.96911
 12786.000     0.97463
 12786.100     0.98291
 12786.200     0.99040
 12786.300     0.99535
 12786.400     0.99790
 12786.500     0.99897
 12786.600     0.99934
 12786.700     0.99946
 12786.800     0.99952
 12786.900     0.99959
 12787.000     0.99966
 12787.100     0.99971
 12787.200     0.99975
 12787.300     0.99976
 12787.400     0.99973
 12787.500     0.99968
 12787.600     0.99961
 12787.700     0.99955
 12787.800     0.99951
 12787.900     0.99948
 12788.000     0.99943
 12788.100     0.99933
 12788.200     0.99915
 12788.300     0.99888
 12788.400     0.99852
 12788.500     0.99815
 12788.600     0.99786
 12788.700     0.99764
 12788.800     0.99702
 12788.900     0.99485
 12789.000     0.98887
 12789.100     0.97611
 12789.200     0.95560
 12789.300     0.93204
 12789.400     0.91570
 12789.500     0.91573
 12789.600     0.93214
 12789.700     0.95582
 12789.800     0.97650
 12789.900     0.98952
 12790.000     0.99582
 12790.100     0.99827
 12790.200     0.99894
 12790.300     0.99873
 12790.400     0.99792
 12790.500     0.99661
 12790.600     0.99522
 12790.700     0.99446
 12790.800     0.99481
 12790.900     0.99606
 12791.000     0.99755
 12791.100     0.99869
 12791.200     0.99929
 12791.300     0.99946
 12791.400     0.99938
 12791.500     0.99914
 12791.600     0.99887
 12791.700     0.99872
 12791.800     0.99878
 12791.900     0.99903
 12792.000     0.99933
 12792.100     0.99953
 12792.200     0.99952
 12792.300     0.99924
 12792.400     0.99856
 12792.500     0.99727
 12792.600     0.99517
 12792.700     0.99242
 12792.800     0.98979
 12792.900     0.98827
 12793.000     0.98843
 12793.100     0.99005
 12793.200     0.99248
 12793.300     0.99502
 12793.400     0.99714
 12793.500     0.99858
 12793.600     0.99935
 12793.700     0.99969
 12793.800     0.99980
 12793.900     0.99981
 12794.000     0.99975
 12794.100     0.99966
 12794.200     0.99958
 12794.300     0.99950
 12794.400     0.99939
 12794.500     0.99910
 12794.600     0.99850
 12794.700     0.99759
 12794.800     0.99668
 12794.900     0.99623
 12795.000     0.99652
 12795.100     0.99735
 12795.200     0.99820
 12795.300     0.99850
 12795.400     0.99775
 12795.500     0.99540
 12795.600     0.99082
 12795.700     0.98396
 12795.800     0.97641
 12795.900     0.97137
 12796.000     0.97166
 12796.100     0.97723
 12796.200     0.98513
 12796.300     0.99197
 12796.400     0.99616
 12796.500     0.99804
 12796.600     0.99862
 12796.700     0.99868
 12796.800     0.99863
 12796.900     0.99865
 12797.000     0.99878
 12797.100     0.99897
 12797.200     0.99916
 12797.300     0.99931
 12797.400     0.99939
 12797.500     0.99936
 12797.600     0.99920
 12797.700     0.99883
 12797.800     0.99815
 12797.900     0.99712
 12798.000     0.99590
 12798.100     0.99487
 12798.200     0.99436
 12798.300     0.99434
 12798.400     0.99455
 12798.500     0.99492
 12798.600     0.99559
 12798.700     0.99658
 12798.800     0.99760
 12798.900     0.99820
 12799.000     0.99806
 12799.100     0.99704
 12799.200     0.99526
 12799.300     0.99315
 12799.400     0.99134
 12799.500     0.99020
 12799.600     0.98960
 12799.700     0.98931
 12799.800     0.98953
 12799.900     0.99077
 12800.000     0.99304
 12800.100     0.99562
 12800.200     0.99770
 12800.300     0.99894
 12800.400     0.99950
 12800.500     0.99966
 12800.600     0.99963
 12800.700     0.99947
 12800.800     0.99927
 12800.900     0.99913
 12801.000     0.99913
 12801.100     0.99927
 12801.200     0.99949
 12801.300     0.99967
 12801.400     0.99976
 12801.500     0.99972
 12801.600     0.99950
 12801.700     0.99901
 12801.800     0.99826
 12801.900     0.99744
 12802.000     0.99690
 12802.100     0.99693
 12802.200     0.99750
 12802.300     0.99829
 12802.400     0.99898
 12802.500     0.99945
 12802.600     0.99971
 12802.700     0.99984
 12802.800     0.99989
 12802.900     0.99990
 12803.000     0.99990
 12803.100     0.99989
 12803.200     0.99988
 12803.300     0.99986
 12803.400     0.99985
 12803.500     0.99985
 12803.600     0.99987
 12803.700     0.99990
 12803.800     0.99993
 12803.900     0.99995
 12804.000     0.99993
 12804.100     0.99983
 12804.200     0.99955
 12804.300     0.99887
 12804.400     0.99756
 12804.500     0.99562
 12804.600     0.99363
 12804.700     0.99245
 12804.800     0.99256
 12804.900     0.99343
 12805.000     0.99409
 12805.100     0.99407
 12805.200     0.99384
 12805.300     0.99420
 12805.400     0.99541
 12805.500     0.99699
 12805.600     0.99831
 12805.700     0.99910
 12805.800     0.99944
 12805.900     0.99952
 12806.000     0.99948
 12806.100     0.99939
 12806.200     0.99925
 12806.300     0.99902
 12806.400     0.99847
 12806.500     0.99664
 12806.600     0.99121
 12806.700     0.97757
 12806.800     0.94977
 12806.900     0.90612
 12807.000     0.85650
 12807.100     0.82193
 12807.200     0.82102
 12807.300     0.85421
 12807.400     0.90336
 12807.500     0.94707
 12807.600     0.97426
 12807.700     0.98474
 12807.800     0.98147
 12807.900     0.96551
 12808.000     0.93857
 12808.100     0.90835
 12808.200     0.88851
 12808.300     0.89006
 12808.400     0.91199
 12808.500     0.94220
 12808.600     0.96797
 12808.700     0.98404
 12808.800     0.99208
 12808.900     0.99577
 12809.000     0.99754
 12809.100     0.99848
 12809.200     0.99902
 12809.300     0.99933
 12809.400     0.99948
 12809.500     0.99954
 12809.600     0.99952
 12809.700     0.99941
 12809.800     0.99924
 12809.900     0.99906
 12810.000     0.99899
 12810.100     0.99904
 12810.200     0.99914
 12810.300     0.99914
 12810.400     0.99894
 12810.500     0.99848
 12810.600     0.99782
 12810.700     0.99711
 12810.800     0.99646
 12810.900     0.99556
 12811.000     0.99322
 12811.100     0.98710
 12811.200     0.97542
 12811.300     0.95981
 12811.400     0.94658
 12811.500     0.94314
 12811.600     0.95166
 12811.700     0.96712
 12811.800     0.98196
 12811.900     0.99180
 12812.000     0.99659
 12812.100     0.99818
 12812.200     0.99813
 12812.300     0.99734
 12812.400     0.99651
 12812.500     0.99620
 12812.600     0.99662
 12812.700     0.99754
 12812.800     0.99850
 12812.900     0.99918
 12813.000     0.99955
 12813.100     0.99971
 12813.200     0.99977
 12813.300     0.99978
 12813.400     0.99974
 12813.500     0.99959
 12813.600     0.99906
 12813.700     0.99760
 12813.800     0.99432
 12813.900     0.98862
 12814.000     0.98143
 12814.100     0.97561
 12814.200     0.97429
 12814.300     0.97822
 12814.400     0.98501
 12814.500     0.99121
 12814.600     0.99484
 12814.700     0.99591
 12814.800     0.99553
 12814.900     0.99486
 12815.000     0.99455
 12815.100     0.99459
 12815.200     0.99425
 12815.300     0.99225
 12815.400     0.98680
 12815.500     0.97589
 12815.600     0.95724
 12815.700     0.92858
 12815.800     0.89061
 12815.900     0.85130
 12816.000     0.82529
 12816.100     0.82444
 12816.200     0.84739
 12816.300     0.88035
 12816.400     0.90834
 12816.500     0.92457
 12816.600     0.93031
 12816.700     0.92968
 12816.800     0.92574
 12816.900     0.91993
 12817.000     0.91280
 12817.100     0.90443
 12817.200     0.89484
 12817.300     0.88411
 12817.400     0.87246
 12817.500     0.86027
 12817.600     0.84817
 12817.700     0.83690
 12817.800     0.82724
 12817.900     0.81996
 12818.000     0.81566
 12818.100     0.81472
 12818.200     0.81724
 12818.300     0.82298
 12818.400     0.83147
 12818.500     0.84201
 12818.600     0.85382
 12818.700     0.86609
 12818.800     0.87811
 12818.900     0.88933
 12819.000     0.89946
 12819.100     0.90841
 12819.200     0.91622
 12819.300     0.92297
 12819.400     0.92872
 12819.500     0.93350
 12819.600     0.93734
 12819.700     0.94030
 12819.800     0.94258
 12819.900     0.94459
 12820.000     0.94682
 12820.100     0.94968
 12820.200     0.95344
 12820.300     0.95840
 12820.400     0.96491
 12820.500     0.97289
 12820.600     0.98133
 12820.700     0.98865
 12820.800     0.99375
 12820.900     0.99632
 12821.000     0.99601
 12821.100     0.99097
 12821.200     0.97623
 12821.300     0.94433
 12821.400     0.89147
 12821.500     0.82712
 12821.600     0.77628
 12821.700     0.76513
 12821.800     0.79985
 12821.900     0.86116
 12822.000     0.92073
 12822.100     0.96121
 12822.200     0.98161
 12822.300     0.98953
 12822.400     0.99219
 12822.500     0.99352
 12822.600     0.99476
 12822.700     0.99603
 12822.800     0.99708
 12822.900     0.99771
 12823.000     0.99774
 12823.100     0.99697
 12823.200     0.99466
 12823.300     0.98935
 12823.400     0.97869
 12823.500     0.95995
 12823.600     0.93263
 12823.700     0.90210
 12823.800     0.88013
 12823.900     0.87822
 12824.000     0.89798
 12824.100     0.92919
 12824.200     0.95799
 12824.300     0.97594
 12824.400     0.98146
 12824.500     0.97587
 12824.600     0.96139
 12824.700     0.94303
 12824.800     0.92963
 12824.900     0.92929
 12825.000     0.94268
 12825.100     0.96251
 12825.200     0.98001
 12825.300     0.99101
 12825.400     0.99611
 12825.500     0.99755
 12825.600     0.99666
 12825.700     0.99350
 12825.800     0.98791
 12825.900     0.98081
 12826.000     0.97493
 12826.100     0.97330
 12826.200     0.97654
 12826.300     0.98212
 12826.400     0.98655
 12826.500     0.98787
 12826.600     0.98563
 12826.700     0.97946
 12826.800     0.96922
 12826.900     0.95707
 12827.000     0.94845
 12827.100     0.94873
 12827.200     0.95846
 12827.300     0.97268
 12827.400     0.98534
 12827.500     0.99345
 12827.600     0.99742
 12827.700     0.99897
 12827.800     0.99941
 12827.900     0.99937
 12828.000     0.99905
 12828.100     0.99845
 12828.200     0.99759
 12828.300     0.99674
 12828.400     0.99631
 12828.500     0.99658
 12828.600     0.99740
 12828.700     0.99835
 12828.800     0.99903
 12828.900     0.99926
 12829.000     0.99898
 12829.100     0.99806
 12829.200     0.99647
 12829.300     0.99454
 12829.400     0.99309
 12829.500     0.99292
 12829.600     0.99412
 12829.700     0.99600
 12829.800     0.99766
 12829.900     0.99869
 12830.000     0.99912
 12830.100     0.99920
 12830.200     0.99914
 12830.300     0.99908
 12830.400     0.99910
 12830.500     0.99917
 12830.600     0.99921
 12830.700     0.99891
 12830.800     0.99729
 12830.900     0.99195
 12831.000     0.97809
 12831.100     0.94948
 12831.200     0.90464
 12831.300     0.85437
 12831.400     0.82076
 12831.500     0.82224
 12831.600     0.85744
 12831.700     0.90653
 12831.800     0.94841
 12831.900     0.97443
 12832.000     0.98751
 12832.100     0.99369
 12832.200     0.99679
 12832.300     0.99839
 12832.400     0.99919
 12832.500     0.99952
 12832.600     0.99963
 12832.700     0.99964
 12832.800     0.99962
 12832.900     0.99963
 12833.000     0.99967
 12833.100     0.99974
 12833.200     0.99980
 12833.300     0.99984
 12833.400     0.99986
 12833.500     0.99985
 12833.600     0.99982
 12833.700     0.99978
 12833.800     0.99975
 12833.900     0.99972
 12834.000     0.99970
 12834.100     0.99968
 12834.200     0.99967
 12834.300     0.99966
 12834.400     0.99968
 12834.500     0.99972
 12834.600     0.99978
 12834.700     0.99983
 12834.800     0.99987
 12834.900     0.99991
 12835.000     0.99994
 12835.100     0.99995
 12835.200     0.99995
 12835.300     0.99993
 12835.400     0.99991
 12835.500     0.99985
 12835.600     0.99958
 12835.700     0.99872
 12835.800     0.99651
 12835.900     0.99207
 12836.000     0.98533
 12836.100     0.97809
 12836.200     0.97359
 12836.300     0.97417
 12836.400     0.97932
 12836.500     0.98623
 12836.600     0.99221
 12836.700     0.99612
 12836.800     0.99815
 12836.900     0.99893
 12837.000     0.99894
 12837.100     0.99853
 12837.200     0.99800
 12837.300     0.99761
 12837.400     0.99753
 12837.500     0.99764
 12837.600     0.99756
 12837.700     0.99694
 12837.800     0.99577
 12837.900     0.99458
 12838.000     0.99413
 12838.100     0.99474
 12838.200     0.99609
 12838.300     0.99750
 12838.400     0.99852
 12838.500     0.99910
 12838.600     0.99941
 12838.700     0.99959
 12838.800     0.99970
 12838.900     0.99975
 12839.000     0.99976
 12839.100     0.99974
 12839.200     0.99970
 12839.300     0.99964
 12839.400     0.99955
 12839.500     0.99944
 12839.600     0.99930
 12839.700     0.99911
 12839.800     0.99875
 12839.900     0.99767
 12840.000     0.99457
 12840.100     0.98666
 12840.200     0.96975
 12840.300     0.94120
 12840.400     0.90497
 12840.500     0.87369
 12840.600     0.86207
 12840.700     0.87575
 12840.800     0.90700
 12840.900     0.94152
 12841.000     0.96851
 12841.100     0.98479
 12841.200     0.99259
 12841.300     0.99554
 12841.400     0.99651
 12841.500     0.99713
 12841.600     0.99785
 12841.700     0.99858
 12841.800     0.99914
 12841.900     0.99948
 12842.000     0.99965
 12842.100     0.99973
 12842.200     0.99977
 12842.300     0.99979
 12842.400     0.99979
 12842.500     0.99979
 12842.600     0.99978
 12842.700     0.99978
 12842.800     0.99979
 12842.900     0.99981
 12843.000     0.99983
 12843.100     0.99984
 12843.200     0.99984
 12843.300     0.99981
 12843.400     0.99975
 12843.500     0.99962
 12843.600     0.99937
 12843.700     0.99895
 12843.800     0.99844
 12843.900     0.99800
 12844.000     0.99788
 12844.100     0.99814
 12844.200     0.99863
 12844.300     0.99913
 12844.400     0.99948
 12844.500     0.99966
 12844.600     0.99971
 12844.700     0.99966
 12844.800     0.99948
 12844.900     0.99909
 12845.000     0.99838
 12845.100     0.99729
 12845.200     0.99585
 12845.300     0.99421
 12845.400     0.99255
 12845.500     0.99113
 12845.600     0.99032
 12845.700     0.99038
 12845.800     0.99101
 12845.900     0.99100
 12846.000     0.98869
 12846.100     0.98336
 12846.200     0.97639
 12846.300     0.97065
 12846.400     0.96762
 12846.500     0.96425
 12846.600     0.95234
 12846.700     0.92259
 12846.800     0.87358
 12846.900     0.81955
 12847.000     0.78648
 12847.100     0.79393
 12847.200     0.83845
 12847.300     0.89702
 12847.400     0.94619
 12847.500     0.97626
 12847.600     0.99009
 12847.700     0.99435
 12847.800     0.99408
 12847.900     0.99224
 12848.000     0.99088
 12848.100     0.99108
 12848.200     0.99280
 12848.300     0.99508
 12848.400     0.99695
 12848.500     0.99798
 12848.600     0.99830
 12848.700     0.99814
 12848.800     0.99766
 12848.900     0.99686
 12849.000     0.99572
 12849.100     0.99430
 12849.200     0.99286
 12849.300     0.99183
 12849.400     0.99157
 12849.500     0.99210
 12849.600     0.99303
 12849.700     0.99374
 12849.800     0.99387
 12849.900     0.99355
 12850.000     0.99336
 12850.100     0.99380
 12850.200     0.99489
 12850.300     0.99624
 12850.400     0.99745
 12850.500     0.99833
 12850.600     0.99889
 12850.700     0.99922
 12850.800     0.99937
 12850.900     0.99942
 12851.000     0.99942
 12851.100     0.99941
 12851.200     0.99940
 12851.300     0.99939
 12851.400     0.99938
 12851.500     0.99935
 12851.600     0.99930
 12851.700     0.99918
 12851.800     0.99890
 12851.900     0.99835
 12852.000     0.99747
 12852.100     0.99645
 12852.200     0.99568
 12852.300     0.99551
 12852.400     0.99593
 12852.500     0.99651
 12852.600     0.99682
 12852.700     0.99658
 12852.800     0.99571
 12852.900     0.99421
 12853.000     0.99210
 12853.100     0.98962
 12853.200     0.98729
 12853.300     0.98579
 12853.400     0.98566
 12853.500     0.98691
 12853.600     0.98908
 12853.700     0.99147
 12853.800     0.99350
 12853.900     0.99484
 12854.000     0.99536
 12854.100     0.99512
 12854.200     0.99443
 12854.300     0.99378
 12854.400     0.99359
 12854.500     0.99384
 12854.600     0.99395
 12854.700     0.99341
 12854.800     0.99236
 12854.900     0.99160
 12855.000     0.99182
 12855.100     0.99300
 12855.200     0.99461
 12855.300     0.99616
 12855.400     0.99744
 12855.500     0.99838
 12855.600     0.99894
 12855.700     0.99918
 12855.800     0.99919
 12855.900     0.99911
 12856.000     0.99906
 12856.100     0.99911
 12856.200     0.99927
 12856.300     0.99948
 12856.400     0.99965
 12856.500     0.99971
 12856.600     0.99961
 12856.700     0.99931
 12856.800     0.99878
 12856.900     0.99805
 12857.000     0.99712
 12857.100     0.99603
 12857.200     0.99500
 12857.300     0.99449
 12857.400     0.99489
 12857.500     0.99610
 12857.600     0.99757
 12857.700     0.99875
 12857.800     0.99943
 12857.900     0.99971
 12858.000     0.99973
 12858.100     0.99959
 12858.200     0.99931
 12858.300     0.99898
 12858.400     0.99874
 12858.500     0.99873
 12858.600     0.99896
 12858.700     0.99925
 12858.800     0.99945
 12858.900     0.99950
 12859.000     0.99944
 12859.100     0.99935
 12859.200     0.99929
 12859.300     0.99922
 12859.400     0.99907
 12859.500     0.99875
 12859.600     0.99829
 12859.700     0.99784
 12859.800     0.99762
 12859.900     0.99776
 12860.000     0.99816
 12860.100     0.99861
 12860.200     0.99893
 12860.300     0.99908
 12860.400     0.99908
 12860.500     0.99897
 12860.600     0.99877
 12860.700     0.99845
 12860.800     0.99795
 12860.900     0.99714
 12861.000     0.99589
 12861.100     0.99412
 12861.200     0.99193
 12861.300     0.98972
 12861.400     0.98816
 12861.500     0.98785
 12861.600     0.98893
 12861.700     0.99096
 12861.800     0.99320
 12861.900     0.99503
 12862.000     0.99611
 12862.100     0.99624
 12862.200     0.99519
 12862.300     0.99270
 12862.400     0.98898
 12862.500     0.98506
 12862.600     0.98259
 12862.700     0.98272
 12862.800     0.98535
 12862.900     0.98930
 12863.000     0.99319
 12863.100     0.99614
 12863.200     0.99795
 12863.300     0.99882
 12863.400     0.99912
 12863.500     0.99911
 12863.600     0.99894
 12863.700     0.99870
 12863.800     0.99853
 12863.900     0.99856
 12864.000     0.99881
 12864.100     0.99917
 12864.200     0.99950
 12864.300     0.99972
 12864.400     0.99982
 12864.500     0.99973
 12864.600     0.99925
 12864.700     0.99784
 12864.800     0.99465
 12864.900     0.98919
 12865.000     0.98240
 12865.100     0.97705
 12865.200     0.97605
 12865.300     0.98000
 12865.400     0.98661
 12865.500     0.99273
 12865.600     0.99665
 12865.700     0.99835
 12865.800     0.99859
 12865.900     0.99804
 12866.000     0.99722
 12866.100     0.99662
 12866.200     0.99659
 12866.300     0.99714
 12866.400     0.99799
 12866.500     0.99881
 12866.600     0.99939
 12866.700     0.99971
 12866.800     0.99986
 12866.900     0.99992
 12867.000     0.99994
 12867.100     0.99995
 12867.200     0.99995
 12867.300     0.99992
 12867.400     0.99985
 12867.500     0.99973
 12867.600     0.99957
 12867.700     0.99940
 12867.800     0.99924
 12867.900     0.99911
 12868.000     0.99902
 12868.100     0.99897
 12868.200     0.99893
 12868.300     0.99888
 12868.400     0.99880
 12868.500     0.99866
 12868.600     0.99846
 12868.700     0.99817
 12868.800     0.99772
 12868.900     0.99706
 12869.000     0.99617
 12869.100     0.99512
 12869.200     0.99408
 12869.300     0.99314
 12869.400     0.99216
 12869.500     0.99075
 12869.600     0.98847
 12869.700     0.98511
 12869.800     0.98100
 12869.900     0.97713
 12870.000     0.97478
 12870.100     0.97485
 12870.200     0.97720
 12870.300     0.98071
 12870.400     0.98414
 12870.500     0.98677
 12870.600     0.98865
 12870.700     0.99021
 12870.800     0.99178
 12870.900     0.99340
 12871.000     0.99483
 12871.100     0.99576
 12871.200     0.99595
 12871.300     0.99537
 12871.400     0.99434
 12871.500     0.99354
 12871.600     0.99363
 12871.700     0.99467
 12871.800     0.99616
 12871.900     0.99742
 12872.000     0.99812
 12872.100     0.99826
 12872.200     0.99806
 12872.300     0.99774
 12872.400     0.99742
 12872.500     0.99699
 12872.600     0.99626
 12872.700     0.99520
 12872.800     0.99396
 12872.900     0.99275
 12873.000     0.99178
 12873.100     0.99147
 12873.200     0.99222
 12873.300     0.99398
 12873.400     0.99609
 12873.500     0.99784
 12873.600     0.99894
 12873.700     0.99951
 12873.800     0.99978
 12873.900     0.99991
 12874.000     0.99996
 12874.100     0.99996
 12874.200     0.99993
 12874.300     0.99985
 12874.400     0.99975
 12874.500     0.99964
 12874.600     0.99957
 12874.700     0.99955
 12874.800     0.99957
 12874.900     0.99960
 12875.000     0.99966
 12875.100     0.99974
 12875.200     0.99982
 12875.300     0.99989
 12875.400     0.99991
 12875.500     0.99987
 12875.600     0.99979
 12875.700     0.99966
 12875.800     0.99951
 12875.900     0.99935
 12876.000     0.99923
 12876.100     0.99917
 12876.200     0.99915
 12876.300     0.99901
 12876.400     0.99843
 12876.500     0.99706
 12876.600     0.99453
 12876.700     0.99046
 12876.800     0.98482
 12876.900     0.97869
 12877.000     0.97448
 12877.100     0.97461
 12877.200     0.97929
 12877.300     0.98617
 12877.400     0.99234
 12877.500     0.99632
 12877.600     0.99821
 12877.700     0.99879
 12877.800     0.99861
 12877.900     0.99801
 12878.000     0.99719
 12878.100     0.99632
 12878.200     0.99556
 12878.300     0.99511
 12878.400     0.99514
 12878.500     0.99570
 12878.600     0.99653
 12878.700     0.99724
 12878.800     0.99757
 12878.900     0.99744
 12879.000     0.99650
 12879.100     0.99339
 12879.200     0.98458
 12879.300     0.96323
 12879.400     0.92109
 12879.500     0.85587
 12879.600     0.78096
 12879.700     0.72517
 12879.800     0.71599
 12879.900     0.75846
 12880.000     0.83089
 12880.100     0.90211
 12880.200     0.95242
 12880.300     0.97976
 12880.400     0.99167
 12880.500     0.99594
 12880.600     0.99708
 12880.700     0.99674
 12880.800     0.99554
 12880.900     0.99390
 12881.000     0.99264
 12881.100     0.99257
 12881.200     0.99383
 12881.300     0.99574
 12881.400     0.99744
 12881.500     0.99847
 12881.600     0.99888
 12881.700     0.99891
 12881.800     0.99881
 12881.900     0.99876
 12882.000     0.99887
 12882.100     0.99911
 12882.200     0.99940
 12882.300     0.99964
 12882.400     0.99979
 12882.500     0.99986
 12882.600     0.99989
 12882.700     0.99989
 12882.800     0.99987
 12882.900     0.99983
 12883.000     0.99976
 12883.100     0.99969
 12883.200     0.99962
 12883.300     0.99958
 12883.400     0.99960
 12883.500     0.99967
 12883.600     0.99974
 12883.700     0.99981
 12883.800     0.99984
 12883.900     0.99983
 12884.000     0.99978
 12884.100     0.99964
 12884.200     0.99933
 12884.300     0.99877
 12884.400     0.99794
 12884.500     0.99704
 12884.600     0.99632
 12884.700     0.99573
 12884.800     0.99457
 12884.900     0.99144
 12885.000     0.98521
 12885.100     0.97662
 12885.200     0.96900
 12885.300     0.96653
 12885.400     0.97085
 12885.500     0.97955
 12885.600     0.98837
 12885.700     0.99453
 12885.800     0.99776
 12885.900     0.99910
 12886.000     0.99959
 12886.100     0.99975
 12886.200     0.99982
 12886.300     0.99986
 12886.400     0.99986
 12886.500     0.99984
 12886.600     0.99978
 12886.700     0.99966
 12886.800     0.99947
 12886.900     0.99918
 12887.000     0.99868
 12887.100     0.99754
 12887.200     0.99496
 12887.300     0.99018
 12887.400     0.98373
 12887.500     0.97796
 12887.600     0.97586
 12887.700     0.97854
 12887.800     0.98425
 12887.900     0.99007
 12888.000     0.99426
 12888.100     0.99674
 12888.200     0.99816
 12888.300     0.99900
 12888.400     0.99942
 12888.500     0.99955
 12888.600     0.99948
 12888.700     0.99927
 12888.800     0.99902
 12888.900     0.99888
 12889.000     0.99895
 12889.100     0.99919
 12889.200     0.99948
 12889.300     0.99965
 12889.400     0.99959
 12889.500     0.99922
 12889.600     0.99854
 12889.700     0.99773
 12889.800     0.99714
 12889.900     0.99711
 12890.000     0.99765
 12890.100     0.99841
 12890.200     0.99902
 12890.300     0.99925
 12890.400     0.99909
 12890.500     0.99868
 12890.600     0.99822
 12890.700     0.99790
 12890.800     0.99784
 12890.900     0.99798
 12891.000     0.99827
 12891.100     0.99862
 12891.200     0.99892
 12891.300     0.99897
 12891.400     0.99856
 12891.500     0.99759
 12891.600     0.99623
 12891.700     0.99504
 12891.800     0.99463
 12891.900     0.99522
 12892.000     0.99644
 12892.100     0.99773
 12892.200     0.99870
 12892.300     0.99928
 12892.400     0.99956
 12892.500     0.99967
 12892.600     0.99962
 12892.700     0.99943
 12892.800     0.99912
 12892.900     0.99879
 12893.000     0.99857
 12893.100     0.99857
 12893.200     0.99877
 12893.300     0.99908
 12893.400     0.99940
 12893.500     0.99964
 12893.600     0.99980
 12893.700     0.99987
 12893.800     0.99989
 12893.900     0.99989
 12894.000     0.99987
 12894.100     0.99984
 12894.200     0.99981
 12894.300     0.99978
 12894.400     0.99976
 12894.500     0.99974
 12894.600     0.99970
 12894.700     0.99962
 12894.800     0.99947
 12894.900     0.99923
 12895.000     0.99894
 12895.100     0.99868
 12895.200     0.99853
 12895.300     0.99845
 12895.400     0.99807
 12895.500     0.99646
 12895.600     0.99164
 12895.700     0.98019
 12895.800     0.95867
 12895.900     0.92801
 12896.000     0.89748
 12896.100     0.88155
 12896.200     0.88923
 12896.300     0.91605
 12896.400     0.94808
 12896.500     0.97325
 12896.600     0.98774
 12896.700     0.99392
 12896.800     0.99536
 12896.900     0.99433
 12897.000     0.99209
 12897.100     0.98957
 12897.200     0.98740
 12897.300     0.98529
 12897.400     0.98209
 12897.500     0.97724
 12897.600     0.97233
 12897.700     0.97055
 12897.800     0.97376
 12897.900     0.98059
 12898.000     0.98776
 12898.100     0.99284
 12898.200     0.99536
 12898.300     0.99609
 12898.400     0.99582
 12898.500     0.99490
 12898.600     0.99329
 12898.700     0.99067
 12898.800     0.98679
 12898.900     0.98180
 12899.000     0.97562
 12899.100     0.96645
 12899.200     0.94815
 12899.300     0.91019
 12899.400     0.84346
 12899.500     1.00000
 12899.600     1.00000
 12899.700     1.00000
 12899.800     1.00000
 12899.900     1.00000
 12900.000     1.00000
