the number of points per synthesis =   2501
start =  11800.000     stop =  12050.000     step =      0.100
 11800.000     1.00000
 11800.100     1.00000
 11800.200     1.00000
 11800.300     1.00000
 11800.400     1.00000
 11800.500     1.00000
 11800.600     0.98148
 11800.700     0.97860
 11800.800     0.97734
 11800.900     0.97676
 11801.000     0.97667
 11801.100     0.97808
 11801.200     0.98171
 11801.300     0.98685
 11801.400     0.99184
 11801.500     0.99552
 11801.600     0.99768
 11801.700     0.99875
 11801.800     0.99923
 11801.900     0.99943
 11802.000     0.99953
 11802.100     0.99956
 11802.200     0.99948
 11802.300     0.99907
 11802.400     0.99789
 11802.500     0.99540
 11802.600     0.99161
 11802.700     0.98776
 11802.800     0.98592
 11802.900     0.98726
 11803.000     0.99084
 11803.100     0.99463
 11803.200     0.99726
 11803.300     0.99864
 11803.400     0.99928
 11803.500     0.99959
 11803.600     0.99973
 11803.700     0.99979
 11803.800     0.99982
 11803.900     0.99982
 11804.000     0.99980
 11804.100     0.99976
 11804.200     0.99967
 11804.300     0.99942
 11804.400     0.99877
 11804.500     0.99759
 11804.600     0.99613
 11804.700     0.99509
 11804.800     0.99514
 11804.900     0.99621
 11805.000     0.99762
 11805.100     0.99864
 11805.200     0.99902
 11805.300     0.99878
 11805.400     0.99792
 11805.500     0.99639
 11805.600     0.99454
 11805.700     0.99332
 11805.800     0.99355
 11805.900     0.99514
 11806.000     0.99712
 11806.100     0.99859
 11806.200     0.99936
 11806.300     0.99966
 11806.400     0.99976
 11806.500     0.99976
 11806.600     0.99963
 11806.700     0.99934
 11806.800     0.99889
 11806.900     0.99844
 11807.000     0.99815
 11807.100     0.99806
 11807.200     0.99776
 11807.300     0.99622
 11807.400     0.99173
 11807.500     0.98305
 11807.600     0.97161
 11807.700     0.96249
 11807.800     0.96117
 11807.900     0.96847
 11808.000     0.97977
 11808.100     0.98953
 11808.200     0.99525
 11808.300     0.99744
 11808.400     0.99754
 11808.500     0.99641
 11808.600     0.99437
 11808.700     0.99197
 11808.800     0.99033
 11808.900     0.99053
 11809.000     0.99251
 11809.100     0.99512
 11809.200     0.99721
 11809.300     0.99839
 11809.400     0.99891
 11809.500     0.99908
 11809.600     0.99911
 11809.700     0.99905
 11809.800     0.99896
 11809.900     0.99882
 11810.000     0.99863
 11810.100     0.99834
 11810.200     0.99788
 11810.300     0.99714
 11810.400     0.99611
 11810.500     0.99482
 11810.600     0.99286
 11810.700     0.98841
 11810.800     0.97735
 11810.900     0.95478
 11811.000     0.91971
 11811.100     0.87845
 11811.200     0.84006
 11811.300     0.80841
 11811.400     0.78386
 11811.500     0.77268
 11811.600     0.78610
 11811.700     0.82646
 11811.800     0.88034
 11811.900     0.92867
 11812.000     0.96011
 11812.100     0.97312
 11812.200     0.96986
 11812.300     0.95361
 11812.400     0.93196
 11812.500     0.91777
 11812.600     0.92121
 11812.700     0.94048
 11812.800     0.96393
 11812.900     0.98096
 11813.000     0.98870
 11813.100     0.99000
 11813.200     0.98888
 11813.300     0.98796
 11813.400     0.98783
 11813.500     0.98745
 11813.600     0.98570
 11813.700     0.98315
 11813.800     0.98202
 11813.900     0.98403
 11814.000     0.98854
 11814.100     0.99328
 11814.200     0.99655
 11814.300     0.99817
 11814.400     0.99884
 11814.500     0.99917
 11814.600     0.99940
 11814.700     0.99956
 11814.800     0.99963
 11814.900     0.99960
 11815.000     0.99951
 11815.100     0.99942
 11815.200     0.99941
 11815.300     0.99949
 11815.400     0.99963
 11815.500     0.99974
 11815.600     0.99979
 11815.700     0.99973
 11815.800     0.99951
 11815.900     0.99903
 11816.000     0.99833
 11816.100     0.99767
 11816.200     0.99737
 11816.300     0.99746
 11816.400     0.99742
 11816.500     0.99632
 11816.600     0.99354
 11816.700     0.98959
 11816.800     0.98621
 11816.900     0.98531
 11817.000     0.98735
 11817.100     0.99109
 11817.200     0.99481
 11817.300     0.99745
 11817.400     0.99890
 11817.500     0.99952
 11817.600     0.99965
 11817.700     0.99935
 11817.800     0.99817
 11817.900     0.99495
 11818.000     0.98821
 11818.100     0.97773
 11818.200     0.96664
 11818.300     0.96071
 11818.400     0.96367
 11818.500     0.97347
 11818.600     0.98425
 11818.700     0.99157
 11818.800     0.99475
 11818.900     0.99542
 11819.000     0.99538
 11819.100     0.99558
 11819.200     0.99617
 11819.300     0.99683
 11819.400     0.99731
 11819.500     0.99761
 11819.600     0.99791
 11819.700     0.99825
 11819.800     0.99855
 11819.900     0.99869
 11820.000     0.99864
 11820.100     0.99840
 11820.200     0.99790
 11820.300     0.99679
 11820.400     0.99409
 11820.500     0.98755
 11820.600     0.97348
 11820.700     0.94915
 11820.800     0.91771
 11820.900     0.89101
 11821.000     0.88326
 11821.100     0.89913
 11821.200     0.92929
 11821.300     0.95908
 11821.400     0.97963
 11821.500     0.99051
 11821.600     0.99526
 11821.700     0.99711
 11821.800     0.99779
 11821.900     0.99804
 11822.000     0.99818
 11822.100     0.99831
 11822.200     0.99850
 11822.300     0.99870
 11822.400     0.99883
 11822.500     0.99878
 11822.600     0.99840
 11822.700     0.99751
 11822.800     0.99590
 11822.900     0.99385
 11823.000     0.99231
 11823.100     0.99228
 11823.200     0.99383
 11823.300     0.99598
 11823.400     0.99770
 11823.500     0.99857
 11823.600     0.99868
 11823.700     0.99827
 11823.800     0.99774
 11823.900     0.99746
 11824.000     0.99758
 11824.100     0.99774
 11824.200     0.99746
 11824.300     0.99668
 11824.400     0.99593
 11824.500     0.99587
 11824.600     0.99663
 11824.700     0.99771
 11824.800     0.99844
 11824.900     0.99837
 11825.000     0.99719
 11825.100     0.99466
 11825.200     0.99096
 11825.300     0.98650
 11825.400     0.98087
 11825.500     0.97224
 11825.600     0.95858
 11825.700     0.93928
 11825.800     0.91507
 11825.900     0.88786
 11826.000     0.86259
 11826.100     0.84688
 11826.200     0.84486
 11826.300     0.85213
 11826.400     0.85933
 11826.500     0.85975
 11826.600     0.85213
 11826.700     0.83774
 11826.800     0.81768
 11826.900     0.79308
 11827.000     0.76689
 11827.100     0.74395
 11827.200     0.72758
 11827.300     0.71610
 11827.400     0.70406
 11827.500     0.68671
 11827.600     0.66196
 11827.700     0.62856
 11827.800     0.58506
 11827.900     0.53277
 11828.000     0.48039
 11828.100     0.44351
 11828.200     0.43642
 11828.300     0.46212
 11828.400     0.51007
 11828.500     0.56396
 11828.600     0.61189
 11828.700     0.65033
 11828.800     0.68127
 11828.900     0.70768
 11829.000     0.73139
 11829.100     0.75311
 11829.200     0.77299
 11829.300     0.79101
 11829.400     0.80707
 11829.500     0.82080
 11829.600     0.83178
 11829.700     0.84033
 11829.800     0.84810
 11829.900     0.85647
 11830.000     0.86379
 11830.100     0.86523
 11830.200     0.85758
 11830.300     0.84559
 11830.400     0.84226
 11830.500     0.85917
 11830.600     0.89513
 11830.700     0.93643
 11830.800     0.96880
 11830.900     0.98718
 11831.000     0.99496
 11831.100     0.99762
 11831.200     0.99861
 11831.300     0.99919
 11831.400     0.99957
 11831.500     0.99978
 11831.600     0.99987
 11831.700     0.99990
 11831.800     0.99991
 11831.900     0.99992
 11832.000     0.99991
 11832.100     0.99985
 11832.200     0.99975
 11832.300     0.99963
 11832.400     0.99956
 11832.500     0.99960
 11832.600     0.99971
 11832.700     0.99984
 11832.800     0.99993
 11832.900     0.99998
 11833.000     0.99999
 11833.100     0.99998
 11833.200     0.99997
 11833.300     0.99996
 11833.400     0.99996
 11833.500     0.99997
 11833.600     0.99998
 11833.700     0.99999
 11833.800     0.99999
 11833.900     0.99999
 11834.000     0.99997
 11834.100     0.99992
 11834.200     0.99980
 11834.300     0.99955
 11834.400     0.99913
 11834.500     0.99853
 11834.600     0.99783
 11834.700     0.99717
 11834.800     0.99673
 11834.900     0.99671
 11835.000     0.99704
 11835.100     0.99730
 11835.200     0.99687
 11835.300     0.99552
 11835.400     0.99390
 11835.500     0.99314
 11835.600     0.99390
 11835.700     0.99573
 11835.800     0.99761
 11835.900     0.99887
 11836.000     0.99946
 11836.100     0.99961
 11836.200     0.99949
 11836.300     0.99911
 11836.400     0.99835
 11836.500     0.99705
 11836.600     0.99523
 11836.700     0.99331
 11836.800     0.99213
 11836.900     0.99236
 11837.000     0.99388
 11837.100     0.99582
 11837.200     0.99726
 11837.300     0.99785
 11837.400     0.99766
 11837.500     0.99699
 11837.600     0.99625
 11837.700     0.99584
 11837.800     0.99587
 11837.900     0.99608
 11838.000     0.99609
 11838.100     0.99560
 11838.200     0.99443
 11838.300     0.99210
 11838.400     0.98740
 11838.500     0.97762
 11838.600     0.95847
 11838.700     0.92640
 11838.800     0.88409
 11838.900     0.84451
 11839.000     0.82587
 11839.100     0.83826
 11839.200     0.87493
 11839.300     0.91807
 11839.400     0.95248
 11839.500     0.97336
 11839.600     0.98381
 11839.700     0.98859
 11839.800     0.99097
 11839.900     0.99253
 11840.000     0.99393
 11840.100     0.99522
 11840.200     0.99614
 11840.300     0.99624
 11840.400     0.99504
 11840.500     0.99235
 11840.600     0.98890
 11840.700     0.98635
 11840.800     0.98599
 11840.900     0.98712
 11841.000     0.98715
 11841.100     0.98334
 11841.200     0.97412
 11841.300     0.95860
 11841.400     0.93648
 11841.500     0.91117
 11841.600     0.89310
 11841.700     0.89429
 11841.800     0.91635
 11841.900     0.94761
 11842.000     0.97400
 11842.100     0.98959
 11842.200     0.99639
 11842.300     0.99861
 11842.400     0.99893
 11842.500     0.99828
 11842.600     0.99662
 11842.700     0.99375
 11842.800     0.99023
 11842.900     0.98765
 11843.000     0.98744
 11843.100     0.98930
 11843.200     0.99081
 11843.300     0.98831
 11843.400     0.97820
 11843.500     0.95936
 11843.600     0.93687
 11843.700     0.92210
 11843.800     0.92468
 11843.900     0.94321
 11844.000     0.96665
 11844.100     0.98468
 11844.200     0.99439
 11844.300     0.99816
 11844.400     0.99911
 11844.500     0.99893
 11844.600     0.99831
 11844.700     0.99769
 11844.800     0.99745
 11844.900     0.99770
 11845.000     0.99809
 11845.100     0.99792
 11845.200     0.99661
 11845.300     0.99422
 11845.400     0.99179
 11845.500     0.99084
 11845.600     0.99205
 11845.700     0.99461
 11845.800     0.99704
 11845.900     0.99852
 11846.000     0.99910
 11846.100     0.99922
 11846.200     0.99925
 11846.300     0.99935
 11846.400     0.99950
 11846.500     0.99963
 11846.600     0.99968
 11846.700     0.99957
 11846.800     0.99924
 11846.900     0.99870
 11847.000     0.99802
 11847.100     0.99719
 11847.200     0.99606
 11847.300     0.99456
 11847.400     0.99323
 11847.500     0.99294
 11847.600     0.99403
 11847.700     0.99584
 11847.800     0.99739
 11847.900     0.99818
 11848.000     0.99828
 11848.100     0.99776
 11848.200     0.99644
 11848.300     0.99392
 11848.400     0.99000
 11848.500     0.98523
 11848.600     0.98106
 11848.700     0.97930
 11848.800     0.98078
 11848.900     0.98475
 11849.000     0.98929
 11849.100     0.99241
 11849.200     0.99249
 11849.300     0.98826
 11849.400     0.97974
 11849.500     0.96988
 11849.600     0.96424
 11849.700     0.96673
 11849.800     0.97585
 11849.900     0.98627
 11850.000     0.99377
 11850.100     0.99758
 11850.200     0.99899
 11850.300     0.99930
 11850.400     0.99913
 11850.500     0.99872
 11850.600     0.99823
 11850.700     0.99781
 11850.800     0.99754
 11850.900     0.99738
 11851.000     0.99718
 11851.100     0.99674
 11851.200     0.99570
 11851.300     0.99368
 11851.400     0.99081
 11851.500     0.98825
 11851.600     0.98753
 11851.700     0.98908
 11851.800     0.99174
 11851.900     0.99404
 11852.000     0.99553
 11852.100     0.99664
 11852.200     0.99771
 11852.300     0.99867
 11852.400     0.99933
 11852.500     0.99968
 11852.600     0.99982
 11852.700     0.99986
 11852.800     0.99986
 11852.900     0.99984
 11853.000     0.99983
 11853.100     0.99983
 11853.200     0.99983
 11853.300     0.99984
 11853.400     0.99983
 11853.500     0.99979
 11853.600     0.99961
 11853.700     0.99901
 11853.800     0.99723
 11853.900     0.99308
 11854.000     0.98594
 11854.100     0.97744
 11854.200     0.97178
 11854.300     0.97253
 11854.400     0.97903
 11854.500     0.98696
 11854.600     0.99250
 11854.700     0.99493
 11854.800     0.99573
 11854.900     0.99642
 11855.000     0.99744
 11855.100     0.99846
 11855.200     0.99907
 11855.300     0.99906
 11855.400     0.99826
 11855.500     0.99651
 11855.600     0.99402
 11855.700     0.99182
 11855.800     0.99122
 11855.900     0.99262
 11856.000     0.99505
 11856.100     0.99704
 11856.200     0.99765
 11856.300     0.99666
 11856.400     0.99448
 11856.500     0.99201
 11856.600     0.99008
 11856.700     0.98788
 11856.800     0.98184
 11856.900     0.96768
 11857.000     0.94588
 11857.100     0.92543
 11857.200     0.91876
 11857.300     0.93051
 11857.400     0.95307
 11857.500     0.97457
 11857.600     0.98854
 11857.700     0.99537
 11857.800     0.99809
 11857.900     0.99903
 11858.000     0.99927
 11858.100     0.99918
 11858.200     0.99885
 11858.300     0.99839
 11858.400     0.99800
 11858.500     0.99788
 11858.600     0.99803
 11858.700     0.99830
 11858.800     0.99853
 11858.900     0.99868
 11859.000     0.99876
 11859.100     0.99885
 11859.200     0.99899
 11859.300     0.99914
 11859.400     0.99922
 11859.500     0.99909
 11859.600     0.99865
 11859.700     0.99790
 11859.800     0.99703
 11859.900     0.99643
 11860.000     0.99644
 11860.100     0.99706
 11860.200     0.99792
 11860.300     0.99864
 11860.400     0.99911
 11860.500     0.99937
 11860.600     0.99947
 11860.700     0.99943
 11860.800     0.99928
 11860.900     0.99901
 11861.000     0.99845
 11861.100     0.99687
 11861.200     0.99221
 11861.300     0.98069
 11861.400     0.95927
 11861.500     0.93126
 11861.600     0.90897
 11861.700     0.90596
 11861.800     0.92424
 11861.900     0.95216
 11862.000     0.97585
 11862.100     0.98947
 11862.200     0.99497
 11862.300     0.99639
 11862.400     0.99617
 11862.500     0.99489
 11862.600     0.99234
 11862.700     0.98846
 11862.800     0.98399
 11862.900     0.98051
 11863.000     0.97959
 11863.100     0.98169
 11863.200     0.98571
 11863.300     0.98965
 11863.400     0.99147
 11863.500     0.98928
 11863.600     0.98145
 11863.700     0.96824
 11863.800     0.95400
 11863.900     0.94623
 11864.000     0.94989
 11864.100     0.96270
 11864.200     0.97743
 11864.300     0.98825
 11864.400     0.99394
 11864.500     0.99624
 11864.600     0.99712
 11864.700     0.99745
 11864.800     0.99718
 11864.900     0.99586
 11865.000     0.99328
 11865.100     0.99018
 11865.200     0.98823
 11865.300     0.98880
 11865.400     0.99159
 11865.500     0.99501
 11865.600     0.99760
 11865.700     0.99900
 11865.800     0.99958
 11865.900     0.99977
 11866.000     0.99982
 11866.100     0.99983
 11866.200     0.99979
 11866.300     0.99970
 11866.400     0.99952
 11866.500     0.99918
 11866.600     0.99855
 11866.700     0.99758
 11866.800     0.99647
 11866.900     0.99575
 11867.000     0.99582
 11867.100     0.99664
 11867.200     0.99775
 11867.300     0.99868
 11867.400     0.99920
 11867.500     0.99937
 11867.600     0.99938
 11867.700     0.99941
 11867.800     0.99954
 11867.900     0.99972
 11868.000     0.99985
 11868.100     0.99988
 11868.200     0.99977
 11868.300     0.99953
 11868.400     0.99922
 11868.500     0.99898
 11868.600     0.99895
 11868.700     0.99912
 11868.800     0.99934
 11868.900     0.99950
 11869.000     0.99958
 11869.100     0.99965
 11869.200     0.99971
 11869.300     0.99973
 11869.400     0.99968
 11869.500     0.99960
 11869.600     0.99953
 11869.700     0.99950
 11869.800     0.99946
 11869.900     0.99935
 11870.000     0.99923
 11870.100     0.99917
 11870.200     0.99920
 11870.300     0.99925
 11870.400     0.99922
 11870.500     0.99896
 11870.600     0.99817
 11870.700     0.99607
 11870.800     0.99140
 11870.900     0.98346
 11871.000     0.97405
 11871.100     0.96782
 11871.200     0.96878
 11871.300     0.97629
 11871.400     0.98572
 11871.500     0.99288
 11871.600     0.99666
 11871.700     0.99804
 11871.800     0.99822
 11871.900     0.99790
 11872.000     0.99735
 11872.100     0.99645
 11872.200     0.99447
 11872.300     0.98977
 11872.400     0.97960
 11872.500     0.96117
 11872.600     0.93533
 11872.700     0.91060
 11872.800     0.90049
 11872.900     0.91225
 11873.000     0.93911
 11873.100     0.96666
 11873.200     0.98522
 11873.300     0.99412
 11873.400     0.99725
 11873.500     0.99807
 11873.600     0.99821
 11873.700     0.99807
 11873.800     0.99747
 11873.900     0.99598
 11874.000     0.99354
 11874.100     0.99103
 11874.200     0.98999
 11874.300     0.99120
 11874.400     0.99386
 11874.500     0.99647
 11874.600     0.99822
 11874.700     0.99912
 11874.800     0.99952
 11874.900     0.99958
 11875.000     0.99906
 11875.100     0.99693
 11875.200     0.99074
 11875.300     0.97731
 11875.400     0.95628
 11875.500     0.93433
 11875.600     0.92333
 11875.700     0.93049
 11875.800     0.95105
 11875.900     0.97318
 11876.000     0.98851
 11876.100     0.99607
 11876.200     0.99882
 11876.300     0.99950
 11876.400     0.99929
 11876.500     0.99828
 11876.600     0.99619
 11876.700     0.99320
 11876.800     0.99047
 11876.900     0.98957
 11877.000     0.99102
 11877.100     0.99375
 11877.200     0.99627
 11877.300     0.99786
 11877.400     0.99866
 11877.500     0.99905
 11877.600     0.99924
 11877.700     0.99921
 11877.800     0.99885
 11877.900     0.99795
 11878.000     0.99640
 11878.100     0.99452
 11878.200     0.99312
 11878.300     0.99300
 11878.400     0.99419
 11878.500     0.99591
 11878.600     0.99732
 11878.700     0.99802
 11878.800     0.99802
 11878.900     0.99737
 11879.000     0.99596
 11879.100     0.99355
 11879.200     0.98991
 11879.300     0.98504
 11879.400     0.97967
 11879.500     0.97543
 11879.600     0.97386
 11879.700     0.97515
 11879.800     0.97800
 11879.900     0.98117
 11880.000     0.98447
 11880.100     0.98789
 11880.200     0.99065
 11880.300     0.99173
 11880.400     0.99092
 11880.500     0.98891
 11880.600     0.98652
 11880.700     0.98431
 11880.800     0.98266
 11880.900     0.98158
 11881.000     0.98057
 11881.100     0.97867
 11881.200     0.97452
 11881.300     0.96656
 11881.400     0.95424
 11881.500     0.93986
 11881.600     0.92827
 11881.700     0.92294
 11881.800     0.92220
 11881.900     0.92044
 11882.000     0.91243
 11882.100     0.89539
 11882.200     0.86757
 11882.300     0.82592
 11882.400     0.76587
 11882.500     0.68494
 11882.600     0.58989
 11882.700     0.50147
 11882.800     0.44846
 11882.900     0.45123
 11883.000     0.50789
 11883.100     0.59536
 11883.200     0.68443
 11883.300     0.75502
 11883.400     0.79993
 11883.500     0.81789
 11883.600     0.80615
 11883.700     0.76037
 11883.800     0.68273
 11883.900     0.59177
 11884.000     0.52113
 11884.100     0.50297
 11884.200     0.54771
 11884.300     0.63753
 11884.400     0.73911
 11884.500     0.82446
 11884.600     0.88291
 11884.700     0.91785
 11884.800     0.93742
 11884.900     0.94844
 11885.000     0.95544
 11885.100     0.96138
 11885.200     0.96775
 11885.300     0.97458
 11885.400     0.98093
 11885.500     0.98588
 11885.600     0.98918
 11885.700     0.99120
 11885.800     0.99243
 11885.900     0.99316
 11886.000     0.99343
 11886.100     0.99325
 11886.200     0.99284
 11886.300     0.99276
 11886.400     0.99352
 11886.500     0.99508
 11886.600     0.99685
 11886.700     0.99815
 11886.800     0.99877
 11886.900     0.99894
 11887.000     0.99899
 11887.100     0.99910
 11887.200     0.99924
 11887.300     0.99934
 11887.400     0.99937
 11887.500     0.99937
 11887.600     0.99940
 11887.700     0.99950
 11887.800     0.99957
 11887.900     0.99948
 11888.000     0.99900
 11888.100     0.99797
 11888.200     0.99648
 11888.300     0.99480
 11888.400     0.99268
 11888.500     0.98803
 11888.600     0.97705
 11888.700     0.95803
 11888.800     0.93631
 11888.900     0.92346
 11889.000     0.92783
 11889.100     0.94624
 11889.200     0.96751
 11889.300     0.98304
 11889.400     0.99136
 11889.500     0.99486
 11889.600     0.99581
 11889.700     0.99535
 11889.800     0.99388
 11889.900     0.99059
 11890.000     0.98234
 11890.100     0.96364
 11890.200     0.93024
 11890.300     0.88644
 11890.400     0.84872
 11890.500     0.83684
 11890.600     0.85701
 11890.700     0.89616
 11890.800     0.93475
 11890.900     0.96195
 11891.000     0.97783
 11891.100     0.98644
 11891.200     0.99091
 11891.300     0.99304
 11891.400     0.99413
 11891.500     0.99498
 11891.600     0.99566
 11891.700     0.99590
 11891.800     0.99566
 11891.900     0.99528
 11892.000     0.99514
 11892.100     0.99519
 11892.200     0.99470
 11892.300     0.99221
 11892.400     0.98487
 11892.500     0.96795
 11892.600     0.93745
 11892.700     0.89714
 11892.800     0.86280
 11892.900     0.85343
 11893.000     0.87386
 11893.100     0.90862
 11893.200     0.93472
 11893.300     0.93885
 11893.400     0.92449
 11893.500     0.90804
 11893.600     0.90657
 11893.700     0.92444
 11893.800     0.95162
 11893.900     0.97486
 11894.000     0.98824
 11894.100     0.99346
 11894.200     0.99455
 11894.300     0.99422
 11894.400     0.99325
 11894.500     0.99057
 11894.600     0.98377
 11894.700     0.97150
 11894.800     0.95686
 11894.900     0.94744
 11895.000     0.94907
 11895.100     0.95959
 11895.200     0.97068
 11895.300     0.97517
 11895.400     0.97106
 11895.500     0.96039
 11895.600     0.94702
 11895.700     0.93499
 11895.800     0.92751
 11895.900     0.92658
 11896.000     0.93318
 11896.100     0.94646
 11896.200     0.96279
 11896.300     0.97740
 11896.400     0.98743
 11896.500     0.99299
 11896.600     0.99569
 11896.700     0.99697
 11896.800     0.99760
 11896.900     0.99790
 11897.000     0.99801
 11897.100     0.99800
 11897.200     0.99796
 11897.300     0.99795
 11897.400     0.99798
 11897.500     0.99806
 11897.600     0.99814
 11897.700     0.99810
 11897.800     0.99767
 11897.900     0.99658
 11898.000     0.99494
 11898.100     0.99348
 11898.200     0.99318
 11898.300     0.99428
 11898.400     0.99608
 11898.500     0.99766
 11898.600     0.99864
 11898.700     0.99916
 11898.800     0.99943
 11898.900     0.99954
 11899.000     0.99952
 11899.100     0.99941
 11899.200     0.99931
 11899.300     0.99925
 11899.400     0.99916
 11899.500     0.99872
 11899.600     0.99728
 11899.700     0.99387
 11899.800     0.98791
 11899.900     0.98057
 11900.000     0.97513
 11900.100     0.97484
 11900.200     0.97989
 11900.300     0.98722
 11900.400     0.99342
 11900.500     0.99710
 11900.600     0.99875
 11900.700     0.99932
 11900.800     0.99939
 11900.900     0.99923
 11901.000     0.99897
 11901.100     0.99879
 11901.200     0.99880
 11901.300     0.99896
 11901.400     0.99907
 11901.500     0.99902
 11901.600     0.99887
 11901.700     0.99883
 11901.800     0.99900
 11901.900     0.99931
 11902.000     0.99960
 11902.100     0.99976
 11902.200     0.99974
 11902.300     0.99938
 11902.400     0.99834
 11902.500     0.99616
 11902.600     0.99293
 11902.700     0.98975
 11902.800     0.98828
 11902.900     0.98934
 11903.000     0.99214
 11903.100     0.99510
 11903.200     0.99714
 11903.300     0.99789
 11903.400     0.99698
 11903.500     0.99343
 11903.600     0.98639
 11903.700     0.97706
 11903.800     0.96959
 11903.900     0.96848
 11904.000     0.97398
 11904.100     0.98096
 11904.200     0.98189
 11904.300     0.97092
 11904.400     0.94779
 11904.500     0.92124
 11904.600     0.90634
 11904.700     0.91314
 11904.800     0.93725
 11904.900     0.96462
 11905.000     0.98430
 11905.100     0.99432
 11905.200     0.99812
 11905.300     0.99925
 11905.400     0.99957
 11905.500     0.99971
 11905.600     0.99980
 11905.700     0.99984
 11905.800     0.99981
 11905.900     0.99970
 11906.000     0.99954
 11906.100     0.99939
 11906.200     0.99931
 11906.300     0.99935
 11906.400     0.99946
 11906.500     0.99957
 11906.600     0.99964
 11906.700     0.99967
 11906.800     0.99967
 11906.900     0.99958
 11907.000     0.99926
 11907.100     0.99851
 11907.200     0.99727
 11907.300     0.99580
 11907.400     0.99457
 11907.500     0.99367
 11907.600     0.99208
 11907.700     0.98709
 11907.800     0.97491
 11907.900     0.95393
 11908.000     0.92951
 11908.100     0.91391
 11908.200     0.91716
 11908.300     0.93735
 11908.400     0.96254
 11908.500     0.98174
 11908.600     0.99185
 11908.700     0.99564
 11908.800     0.99685
 11908.900     0.99758
 11909.000     0.99839
 11909.100     0.99912
 11909.200     0.99959
 11909.300     0.99980
 11909.400     0.99987
 11909.500     0.99987
 11909.600     0.99984
 11909.700     0.99979
 11909.800     0.99974
 11909.900     0.99971
 11910.000     0.99972
 11910.100     0.99974
 11910.200     0.99972
 11910.300     0.99960
 11910.400     0.99937
 11910.500     0.99901
 11910.600     0.99849
 11910.700     0.99780
 11910.800     0.99698
 11910.900     0.99628
 11911.000     0.99608
 11911.100     0.99654
 11911.200     0.99743
 11911.300     0.99813
 11911.400     0.99800
 11911.500     0.99626
 11911.600     0.99219
 11911.700     0.98599
 11911.800     0.97981
 11911.900     0.97703
 11912.000     0.97939
 11912.100     0.98528
 11912.200     0.99144
 11912.300     0.99574
 11912.400     0.99801
 11912.500     0.99902
 11912.600     0.99946
 11912.700     0.99968
 11912.800     0.99979
 11912.900     0.99982
 11913.000     0.99978
 11913.100     0.99961
 11913.200     0.99923
 11913.300     0.99860
 11913.400     0.99787
 11913.500     0.99737
 11913.600     0.99734
 11913.700     0.99759
 11913.800     0.99735
 11913.900     0.99525
 11914.000     0.98987
 11914.100     0.98130
 11914.200     0.97265
 11914.300     0.96889
 11914.400     0.97257
 11914.500     0.98126
 11914.600     0.99007
 11914.700     0.99588
 11914.800     0.99863
 11914.900     0.99961
 11915.000     0.99988
 11915.100     0.99994
 11915.200     0.99994
 11915.300     0.99991
 11915.400     0.99984
 11915.500     0.99969
 11915.600     0.99930
 11915.700     0.99830
 11915.800     0.99630
 11915.900     0.99343
 11916.000     0.99085
 11916.100     0.99011
 11916.200     0.99169
 11916.300     0.99445
 11916.400     0.99673
 11916.500     0.99762
 11916.600     0.99723
 11916.700     0.99632
 11916.800     0.99581
 11916.900     0.99621
 11917.000     0.99732
 11917.100     0.99851
 11917.200     0.99934
 11917.300     0.99976
 11917.400     0.99991
 11917.500     0.99994
 11917.600     0.99992
 11917.700     0.99985
 11917.800     0.99975
 11917.900     0.99964
 11918.000     0.99954
 11918.100     0.99951
 11918.200     0.99952
 11918.300     0.99947
 11918.400     0.99916
 11918.500     0.99839
 11918.600     0.99718
 11918.700     0.99585
 11918.800     0.99485
 11918.900     0.99429
 11919.000     0.99386
 11919.100     0.99329
 11919.200     0.99285
 11919.300     0.99309
 11919.400     0.99417
 11919.500     0.99553
 11919.600     0.99629
 11919.700     0.99612
 11919.800     0.99542
 11919.900     0.99479
 11920.000     0.99450
 11920.100     0.99455
 11920.200     0.99496
 11920.300     0.99567
 11920.400     0.99628
 11920.500     0.99625
 11920.600     0.99542
 11920.700     0.99400
 11920.800     0.99183
 11920.900     0.98729
 11921.000     0.97713
 11921.100     0.95953
 11921.200     0.93869
 11921.300     0.92525
 11921.400     0.92828
 11921.500     0.94626
 11921.600     0.96860
 11921.700     0.98565
 11921.800     0.99481
 11921.900     0.99846
 11922.000     0.99957
 11922.100     0.99978
 11922.200     0.99963
 11922.300     0.99909
 11922.400     0.99795
 11922.500     0.99622
 11922.600     0.99443
 11922.700     0.99349
 11922.800     0.99394
 11922.900     0.99542
 11923.000     0.99705
 11923.100     0.99823
 11923.200     0.99890
 11923.300     0.99925
 11923.400     0.99936
 11923.500     0.99925
 11923.600     0.99902
 11923.700     0.99883
 11923.800     0.99876
 11923.900     0.99873
 11924.000     0.99851
 11924.100     0.99776
 11924.200     0.99622
 11924.300     0.99408
 11924.400     0.99212
 11924.500     0.99127
 11924.600     0.99185
 11924.700     0.99341
 11924.800     0.99523
 11924.900     0.99676
 11925.000     0.99772
 11925.100     0.99813
 11925.200     0.99822
 11925.300     0.99831
 11925.400     0.99852
 11925.500     0.99850
 11925.600     0.99714
 11925.700     0.99202
 11925.800     0.97935
 11925.900     0.95681
 11926.000     0.92876
 11926.100     0.90743
 11926.200     0.90455
 11926.300     0.92080
 11926.400     0.94594
 11926.500     0.96871
 11926.600     0.98396
 11926.700     0.99209
 11926.800     0.99553
 11926.900     0.99643
 11927.000     0.99615
 11927.100     0.99554
 11927.200     0.99519
 11927.300     0.99538
 11927.400     0.99573
 11927.500     0.99527
 11927.600     0.99333
 11927.700     0.99043
 11927.800     0.98839
 11927.900     0.98883
 11928.000     0.99159
 11928.100     0.99497
 11928.200     0.99748
 11928.300     0.99878
 11928.400     0.99929
 11928.500     0.99950
 11928.600     0.99960
 11928.700     0.99962
 11928.800     0.99942
 11928.900     0.99867
 11929.000     0.99699
 11929.100     0.99436
 11929.200     0.99167
 11929.300     0.99042
 11929.400     0.99145
 11929.500     0.99405
 11929.600     0.99670
 11929.700     0.99833
 11929.800     0.99877
 11929.900     0.99832
 11930.000     0.99737
 11930.100     0.99641
 11930.200     0.99599
 11930.300     0.99633
 11930.400     0.99725
 11930.500     0.99830
 11930.600     0.99913
 11930.700     0.99963
 11930.800     0.99985
 11930.900     0.99990
 11931.000     0.99988
 11931.100     0.99983
 11931.200     0.99979
 11931.300     0.99979
 11931.400     0.99983
 11931.500     0.99989
 11931.600     0.99994
 11931.700     0.99997
 11931.800     0.99999
 11931.900     1.00000
 11932.000     1.00000
 11932.100     1.00000
 11932.200     1.00000
 11932.300     1.00000
 11932.400     1.00000
 11932.500     1.00000
 11932.600     0.99998
 11932.700     0.99995
 11932.800     0.99986
 11932.900     0.99967
 11933.000     0.99938
 11933.100     0.99898
 11933.200     0.99848
 11933.300     0.99777
 11933.400     0.99679
 11933.500     0.99574
 11933.600     0.99516
 11933.700     0.99549
 11933.800     0.99661
 11933.900     0.99794
 11934.000     0.99897
 11934.100     0.99952
 11934.200     0.99962
 11934.300     0.99930
 11934.400     0.99853
 11934.500     0.99743
 11934.600     0.99632
 11934.700     0.99545
 11934.800     0.99484
 11934.900     0.99433
 11935.000     0.99395
 11935.100     0.99364
 11935.200     0.99322
 11935.300     0.99277
 11935.400     0.99293
 11935.500     0.99417
 11935.600     0.99612
 11935.700     0.99794
 11935.800     0.99909
 11935.900     0.99961
 11936.000     0.99971
 11936.100     0.99958
 11936.200     0.99926
 11936.300     0.99886
 11936.400     0.99843
 11936.500     0.99765
 11936.600     0.99522
 11936.700     0.98800
 11936.800     0.97183
 11936.900     0.94534
 11937.000     0.91505
 11937.100     0.89457
 11937.200     0.89485
 11937.300     0.91476
 11937.400     0.94292
 11937.500     0.96770
 11937.600     0.98402
 11937.700     0.99271
 11937.800     0.99665
 11937.900     0.99818
 11938.000     0.99872
 11938.100     0.99896
 11938.200     0.99916
 11938.300     0.99926
 11938.400     0.99919
 11938.500     0.99900
 11938.600     0.99888
 11938.700     0.99895
 11938.800     0.99919
 11938.900     0.99947
 11939.000     0.99968
 11939.100     0.99979
 11939.200     0.99984
 11939.300     0.99985
 11939.400     0.99983
 11939.500     0.99973
 11939.600     0.99947
 11939.700     0.99905
 11939.800     0.99859
 11939.900     0.99834
 11940.000     0.99842
 11940.100     0.99875
 11940.200     0.99909
 11940.300     0.99928
 11940.400     0.99931
 11940.500     0.99927
 11940.600     0.99919
 11940.700     0.99883
 11940.800     0.99745
 11940.900     0.99319
 11941.000     0.98315
 11941.100     0.96569
 11941.200     0.94458
 11941.300     0.92986
 11941.400     0.93070
 11941.500     0.94638
 11941.600     0.96688
 11941.700     0.98245
 11941.800     0.99031
 11941.900     0.99304
 11942.000     0.99372
 11942.100     0.99351
 11942.200     0.99221
 11942.300     0.98998
 11942.400     0.98810
 11942.500     0.98819
 11942.600     0.99052
 11942.700     0.99382
 11942.800     0.99654
 11942.900     0.99784
 11943.000     0.99756
 11943.100     0.99586
 11943.200     0.99328
 11943.300     0.99096
 11943.400     0.99022
 11943.500     0.99145
 11943.600     0.99376
 11943.700     0.99594
 11943.800     0.99738
 11943.900     0.99808
 11944.000     0.99819
 11944.100     0.99790
 11944.200     0.99757
 11944.300     0.99761
 11944.400     0.99812
 11944.500     0.99880
 11944.600     0.99928
 11944.700     0.99936
 11944.800     0.99900
 11944.900     0.99837
 11945.000     0.99777
 11945.100     0.99752
 11945.200     0.99759
 11945.300     0.99769
 11945.400     0.99763
 11945.500     0.99760
 11945.600     0.99788
 11945.700     0.99848
 11945.800     0.99911
 11945.900     0.99953
 11946.000     0.99962
 11946.100     0.99932
 11946.200     0.99856
 11946.300     0.99736
 11946.400     0.99600
 11946.500     0.99489
 11946.600     0.99432
 11946.700     0.99441
 11946.800     0.99514
 11946.900     0.99632
 11947.000     0.99751
 11947.100     0.99818
 11947.200     0.99764
 11947.300     0.99488
 11947.400     0.98889
 11947.500     0.98027
 11947.600     0.97246
 11947.700     0.97005
 11947.800     0.97465
 11947.900     0.98318
 11948.000     0.99107
 11948.100     0.99593
 11948.200     0.99807
 11948.300     0.99873
 11948.400     0.99880
 11948.500     0.99864
 11948.600     0.99830
 11948.700     0.99762
 11948.800     0.99618
 11948.900     0.99306
 11949.000     0.98666
 11949.100     0.97381
 11949.200     0.94926
 11949.300     0.90844
 11949.400     0.85495
 11949.500     0.80525
 11949.600     0.78050
 11949.700     0.79099
 11949.800     0.82993
 11949.900     0.88055
 11950.000     0.92673
 11950.100     0.95955
 11950.200     0.97843
 11950.300     0.98772
 11950.400     0.99225
 11950.500     0.99484
 11950.600     0.99646
 11950.700     0.99740
 11950.800     0.99781
 11950.900     0.99783
 11951.000     0.99739
 11951.100     0.99634
 11951.200     0.99477
 11951.300     0.99340
 11951.400     0.99314
 11951.500     0.99423
 11951.600     0.99590
 11951.700     0.99704
 11951.800     0.99704
 11951.900     0.99615
 11952.000     0.99513
 11952.100     0.99481
 11952.200     0.99549
 11952.300     0.99680
 11952.400     0.99814
 11952.500     0.99910
 11952.600     0.99964
 11952.700     0.99988
 11952.800     0.99997
 11952.900     0.99999
 11953.000     1.00000
 11953.100     0.99999
 11953.200     0.99996
 11953.300     0.99988
 11953.400     0.99965
 11953.500     0.99911
 11953.600     0.99812
 11953.700     0.99682
 11953.800     0.99549
 11953.900     0.99388
 11954.000     0.99001
 11954.100     0.98032
 11954.200     0.96291
 11954.300     0.94222
 11954.400     0.92901
 11954.500     0.93204
 11954.600     0.94943
 11954.700     0.97067
 11954.800     0.98660
 11954.900     0.99491
 11955.000     0.99796
 11955.100     0.99846
 11955.200     0.99777
 11955.300     0.99626
 11955.400     0.99362
 11955.500     0.98821
 11955.600     0.97679
 11955.700     0.95686
 11955.800     0.93188
 11955.900     0.91305
 11956.000     0.91169
 11956.100     0.92822
 11956.200     0.95170
 11956.300     0.97054
 11956.400     0.98117
 11956.500     0.98649
 11956.600     0.98990
 11956.700     0.99248
 11956.800     0.99423
 11956.900     0.99546
 11957.000     0.99664
 11957.100     0.99782
 11957.200     0.99876
 11957.300     0.99928
 11957.400     0.99938
 11957.500     0.99909
 11957.600     0.99830
 11957.700     0.99697
 11957.800     0.99541
 11957.900     0.99428
 11958.000     0.99414
 11958.100     0.99492
 11958.200     0.99593
 11958.300     0.99638
 11958.400     0.99582
 11958.500     0.99443
 11958.600     0.99302
 11958.700     0.99245
 11958.800     0.99267
 11958.900     0.99190
 11959.000     0.98646
 11959.100     0.97235
 11959.200     0.94941
 11959.300     0.92561
 11959.400     0.91422
 11959.500     0.92278
 11959.600     0.94567
 11959.700     0.96987
 11959.800     0.98632
 11959.900     0.99411
 11960.000     0.99666
 11960.100     0.99734
 11960.200     0.99781
 11960.300     0.99847
 11960.400     0.99912
 11960.500     0.99952
 11960.600     0.99958
 11960.700     0.99927
 11960.800     0.99854
 11960.900     0.99754
 11961.000     0.99671
 11961.100     0.99652
 11961.200     0.99703
 11961.300     0.99778
 11961.400     0.99829
 11961.500     0.99845
 11961.600     0.99852
 11961.700     0.99874
 11961.800     0.99912
 11961.900     0.99947
 11962.000     0.99967
 11962.100     0.99962
 11962.200     0.99924
 11962.300     0.99845
 11962.400     0.99734
 11962.500     0.99621
 11962.600     0.99535
 11962.700     0.99476
 11962.800     0.99423
 11962.900     0.99349
 11963.000     0.99242
 11963.100     0.99121
 11963.200     0.99041
 11963.300     0.99061
 11963.400     0.99197
 11963.500     0.99411
 11963.600     0.99634
 11963.700     0.99803
 11963.800     0.99889
 11963.900     0.99891
 11964.000     0.99818
 11964.100     0.99694
 11964.200     0.99562
 11964.300     0.99463
 11964.400     0.99398
 11964.500     0.99340
 11964.600     0.99278
 11964.700     0.99248
 11964.800     0.99292
 11964.900     0.99405
 11965.000     0.99530
 11965.100     0.99610
 11965.200     0.99634
 11965.300     0.99623
 11965.400     0.99603
 11965.500     0.99599
 11965.600     0.99637
 11965.700     0.99718
 11965.800     0.99807
 11965.900     0.99858
 11966.000     0.99839
 11966.100     0.99753
 11966.200     0.99635
 11966.300     0.99544
 11966.400     0.99528
 11966.500     0.99573
 11966.600     0.99615
 11966.700     0.99598
 11966.800     0.99523
 11966.900     0.99438
 11967.000     0.99394
 11967.100     0.99420
 11967.200     0.99511
 11967.300     0.99638
 11967.400     0.99762
 11967.500     0.99857
 11967.600     0.99912
 11967.700     0.99926
 11967.800     0.99901
 11967.900     0.99853
 11968.000     0.99813
 11968.100     0.99808
 11968.200     0.99838
 11968.300     0.99868
 11968.400     0.99860
 11968.500     0.99800
 11968.600     0.99710
 11968.700     0.99642
 11968.800     0.99642
 11968.900     0.99701
 11969.000     0.99750
 11969.100     0.99704
 11969.200     0.99517
 11969.300     0.99240
 11969.400     0.99019
 11969.500     0.98991
 11969.600     0.99154
 11969.700     0.99337
 11969.800     0.99259
 11969.900     0.98543
 11970.000     0.96783
 11970.100     0.93862
 11970.200     0.90386
 11970.300     0.87621
 11970.400     0.86733
 11970.500     0.88000
 11970.600     0.90683
 11970.700     0.93556
 11970.800     0.95635
 11970.900     0.96594
 11971.000     0.96620
 11971.100     0.96041
 11971.200     0.95152
 11971.300     0.94277
 11971.400     0.93758
 11971.500     0.93735
 11971.600     0.93978
 11971.700     0.94084
 11971.800     0.93777
 11971.900     0.93010
 11972.000     0.91827
 11972.100     0.90249
 11972.200     0.88226
 11972.300     0.85633
 11972.400     0.82261
 11972.500     0.77794
 11972.600     0.71828
 11972.700     0.64135
 11972.800     0.55266
 11972.900     0.47039
 11973.000     0.42066
 11973.100     0.42266
 11973.200     0.47508
 11973.300     0.55629
 11973.400     0.63722
 11973.500     0.69546
 11973.600     0.72287
 11973.700     0.72793
 11973.800     0.73241
 11973.900     0.75686
 11974.000     0.80354
 11974.100     0.85655
 11974.200     0.89906
 11974.300     0.92614
 11974.400     0.94209
 11974.500     0.95220
 11974.600     0.95895
 11974.700     0.96261
 11974.800     0.96217
 11974.900     0.95561
 11975.000     0.94204
 11975.100     0.92518
 11975.200     0.91414
 11975.300     0.91726
 11975.400     0.93437
 11975.500     0.95704
 11975.600     0.97642
 11975.700     0.98887
 11975.800     0.99533
 11975.900     0.99816
 11976.000     0.99922
 11976.100     0.99956
 11976.200     0.99968
 11976.300     0.99973
 11976.400     0.99974
 11976.500     0.99972
 11976.600     0.99959
 11976.700     0.99926
 11976.800     0.99872
 11976.900     0.99814
 11977.000     0.99781
 11977.100     0.99796
 11977.200     0.99842
 11977.300     0.99884
 11977.400     0.99894
 11977.500     0.99859
 11977.600     0.99777
 11977.700     0.99657
 11977.800     0.99543
 11977.900     0.99496
 11978.000     0.99534
 11978.100     0.99601
 11978.200     0.99616
 11978.300     0.99559
 11978.400     0.99490
 11978.500     0.99465
 11978.600     0.99470
 11978.700     0.99445
 11978.800     0.99377
 11978.900     0.99337
 11979.000     0.99402
 11979.100     0.99569
 11979.200     0.99756
 11979.300     0.99892
 11979.400     0.99961
 11979.500     0.99986
 11979.600     0.99990
 11979.700     0.99987
 11979.800     0.99980
 11979.900     0.99967
 11980.000     0.99941
 11980.100     0.99884
 11980.200     0.99781
 11980.300     0.99647
 11980.400     0.99537
 11980.500     0.99509
 11980.600     0.99568
 11980.700     0.99663
 11980.800     0.99742
 11980.900     0.99791
 11981.000     0.99817
 11981.100     0.99821
 11981.200     0.99783
 11981.300     0.99640
 11981.400     0.99248
 11981.500     0.98435
 11981.600     0.97213
 11981.700     0.95934
 11981.800     0.95102
 11981.900     0.94924
 11982.000     0.95167
 11982.100     0.95461
 11982.200     0.95603
 11982.300     0.95558
 11982.400     0.95351
 11982.500     0.95007
 11982.600     0.94544
 11982.700     0.93963
 11982.800     0.93252
 11982.900     0.92401
 11983.000     0.91413
 11983.100     0.90289
 11983.200     0.88999
 11983.300     0.87483
 11983.400     0.85655
 11983.500     0.83406
 11983.600     0.80568
 11983.700     0.76868
 11983.800     0.72016
 11983.900     0.66050
 11984.000     0.59790
 11984.100     0.54881
 11984.200     0.53051
 11984.300     0.55023
 11984.400     0.60010
 11984.500     0.66263
 11984.600     0.72166
 11984.700     0.76950
 11984.800     0.80614
 11984.900     0.83450
 11985.000     0.85716
 11985.100     0.87565
 11985.200     0.89095
 11985.300     0.90388
 11985.400     0.91509
 11985.500     0.92492
 11985.600     0.93345
 11985.700     0.94066
 11985.800     0.94657
 11985.900     0.95116
 11986.000     0.95438
 11986.100     0.95640
 11986.200     0.95791
 11986.300     0.96008
 11986.400     0.96401
 11986.500     0.96993
 11986.600     0.97680
 11986.700     0.98251
 11986.800     0.98530
 11986.900     0.98516
 11987.000     0.98398
 11987.100     0.98397
 11987.200     0.98598
 11987.300     0.98903
 11987.400     0.99138
 11987.500     0.99201
 11987.600     0.99104
 11987.700     0.98884
 11987.800     0.98428
 11987.900     0.97449
 11988.000     0.95802
 11988.100     0.93950
 11988.200     0.92909
 11988.300     0.93401
 11988.400     0.95109
 11988.500     0.97004
 11988.600     0.98281
 11988.700     0.98784
 11988.800     0.98772
 11988.900     0.98557
 11989.000     0.98328
 11989.100     0.98107
 11989.200     0.97785
 11989.300     0.97252
 11989.400     0.96576
 11989.500     0.96038
 11989.600     0.95915
 11989.700     0.96199
 11989.800     0.96593
 11989.900     0.96764
 11990.000     0.96515
 11990.100     0.95791
 11990.200     0.94694
 11990.300     0.93532
 11990.400     0.92680
 11990.500     0.92242
 11990.600     0.91909
 11990.700     0.91214
 11990.800     0.89849
 11990.900     0.87710
 11991.000     0.84716
 11991.100     0.80649
 11991.200     0.75259
 11991.300     0.68744
 11991.400     0.62271
 11991.500     0.57807
 11991.600     0.57073
 11991.700     0.60398
 11991.800     0.66480
 11991.900     0.73281
 11992.000     0.79218
 11992.100     0.83723
 11992.200     0.86981
 11992.300     0.89395
 11992.400     0.91269
 11992.500     0.92755
 11992.600     0.93926
 11992.700     0.94823
 11992.800     0.95443
 11992.900     0.95668
 11993.000     0.95231
 11993.100     0.93913
 11993.200     0.91987
 11993.300     0.90448
 11993.400     0.90403
 11993.500     0.92046
 11993.600     0.94458
 11993.700     0.96514
 11993.800     0.97732
 11993.900     0.98284
 11994.000     0.98548
 11994.100     0.98786
 11994.200     0.99059
 11994.300     0.99278
 11994.400     0.99296
 11994.500     0.99029
 11994.600     0.98532
 11994.700     0.98026
 11994.800     0.97800
 11994.900     0.98001
 11995.000     0.98506
 11995.100     0.99040
 11995.200     0.99399
 11995.300     0.99541
 11995.400     0.99521
 11995.500     0.99444
 11995.600     0.99416
 11995.700     0.99493
 11995.800     0.99646
 11995.900     0.99801
 11996.000     0.99907
 11996.100     0.99961
 11996.200     0.99981
 11996.300     0.99984
 11996.400     0.99981
 11996.500     0.99968
 11996.600     0.99934
 11996.700     0.99846
 11996.800     0.99670
 11996.900     0.99414
 11997.000     0.99173
 11997.100     0.99086
 11997.200     0.99203
 11997.300     0.99435
 11997.400     0.99640
 11997.500     0.99752
 11997.600     0.99790
 11997.700     0.99791
 11997.800     0.99758
 11997.900     0.99677
 11998.000     0.99562
 11998.100     0.99473
 11998.200     0.99470
 11998.300     0.99557
 11998.400     0.99688
 11998.500     0.99810
 11998.600     0.99899
 11998.700     0.99954
 11998.800     0.99980
 11998.900     0.99988
 11999.000     0.99984
 11999.100     0.99973
 11999.200     0.99961
 11999.300     0.99952
 11999.400     0.99949
 11999.500     0.99952
 11999.600     0.99959
 11999.700     0.99969
 11999.800     0.99979
 11999.900     0.99988
 12000.000     0.99994
 12000.100     0.99997
 12000.200     0.99997
 12000.300     0.99993
 12000.400     0.99975
 12000.500     0.99919
 12000.600     0.99771
 12000.700     0.99479
 12000.800     0.99077
 12000.900     0.98735
 12001.000     0.98666
 12001.100     0.98916
 12001.200     0.99319
 12001.300     0.99661
 12001.400     0.99846
 12001.500     0.99895
 12001.600     0.99855
 12001.700     0.99767
 12001.800     0.99665
 12001.900     0.99576
 12002.000     0.99496
 12002.100     0.99404
 12002.200     0.99297
 12002.300     0.99212
 12002.400     0.99193
 12002.500     0.99238
 12002.600     0.99305
 12002.700     0.99376
 12002.800     0.99468
 12002.900     0.99584
 12003.000     0.99673
 12003.100     0.99664
 12003.200     0.99524
 12003.300     0.99293
 12003.400     0.99070
 12003.500     0.98930
 12003.600     0.98830
 12003.700     0.98570
 12003.800     0.97817
 12003.900     0.96280
 12004.000     0.94089
 12004.100     0.92113
 12004.200     0.91531
 12004.300     0.92773
 12004.400     0.95049
 12004.500     0.97143
 12004.600     0.98432
 12004.700     0.98987
 12004.800     0.99050
 12004.900     0.98599
 12005.000     0.97273
 12005.100     0.94616
 12005.200     0.90634
 12005.300     0.86382
 12005.400     0.83731
 12005.500     0.84075
 12005.600     0.87195
 12005.700     0.91470
 12005.800     0.95128
 12005.900     0.97244
 12006.000     0.97860
 12006.100     0.97588
 12006.200     0.97203
 12006.300     0.97272
 12006.400     0.97873
 12006.500     0.98673
 12006.600     0.99303
 12006.700     0.99623
 12006.800     0.99675
 12006.900     0.99551
 12007.000     0.99346
 12007.100     0.99171
 12007.200     0.99116
 12007.300     0.99199
 12007.400     0.99375
 12007.500     0.99578
 12007.600     0.99754
 12007.700     0.99874
 12007.800     0.99940
 12007.900     0.99967
 12008.000     0.99973
 12008.100     0.99960
 12008.200     0.99924
 12008.300     0.99865
 12008.400     0.99803
 12008.500     0.99773
 12008.600     0.99795
 12008.700     0.99852
 12008.800     0.99907
 12008.900     0.99937
 12009.000     0.99942
 12009.100     0.99933
 12009.200     0.99901
 12009.300     0.99778
 12009.400     0.99378
 12009.500     0.98415
 12009.600     0.96742
 12009.700     0.94752
 12009.800     0.93411
 12009.900     0.93532
 12010.000     0.94952
 12010.100     0.96657
 12010.200     0.97677
 12010.300     0.97684
 12010.400     0.96973
 12010.500     0.96214
 12010.600     0.96078
 12010.700     0.96773
 12010.800     0.97911
 12010.900     0.98929
 12011.000     0.99552
 12011.100     0.99831
 12011.200     0.99916
 12011.300     0.99905
 12011.400     0.99826
 12011.500     0.99701
 12011.600     0.99584
 12011.700     0.99541
 12011.800     0.99594
 12011.900     0.99688
 12012.000     0.99744
 12012.100     0.99720
 12012.200     0.99625
 12012.300     0.99458
 12012.400     0.99188
 12012.500     0.98815
 12012.600     0.98456
 12012.700     0.98297
 12012.800     0.98430
 12012.900     0.98772
 12013.000     0.99158
 12013.100     0.99467
 12013.200     0.99665
 12013.300     0.99774
 12013.400     0.99822
 12013.500     0.99812
 12013.600     0.99728
 12013.700     0.99582
 12013.800     0.99437
 12013.900     0.99384
 12014.000     0.99464
 12014.100     0.99630
 12014.200     0.99792
 12014.300     0.99899
 12014.400     0.99950
 12014.500     0.99968
 12014.600     0.99973
 12014.700     0.99976
 12014.800     0.99980
 12014.900     0.99986
 12015.000     0.99992
 12015.100     0.99996
 12015.200     0.99998
 12015.300     0.99995
 12015.400     0.99981
 12015.500     0.99940
 12015.600     0.99842
 12015.700     0.99668
 12015.800     0.99456
 12015.900     0.99306
 12016.000     0.99296
 12016.100     0.99370
 12016.200     0.99332
 12016.300     0.98985
 12016.400     0.98325
 12016.500     0.97654
 12016.600     0.97405
 12016.700     0.97766
 12016.800     0.98504
 12016.900     0.99211
 12017.000     0.99655
 12017.100     0.99847
 12017.200     0.99893
 12017.300     0.99870
 12017.400     0.99804
 12017.500     0.99714
 12017.600     0.99622
 12017.700     0.99546
 12017.800     0.99475
 12017.900     0.99389
 12018.000     0.99289
 12018.100     0.99196
 12018.200     0.99138
 12018.300     0.99158
 12018.400     0.99288
 12018.500     0.99504
 12018.600     0.99722
 12018.700     0.99870
 12018.800     0.99934
 12018.900     0.99923
 12019.000     0.99847
 12019.100     0.99718
 12019.200     0.99579
 12019.300     0.99498
 12019.400     0.99510
 12019.500     0.99587
 12019.600     0.99669
 12019.700     0.99721
 12019.800     0.99748
 12019.900     0.99765
 12020.000     0.99771
 12020.100     0.99748
 12020.200     0.99686
 12020.300     0.99595
 12020.400     0.99490
 12020.500     0.99394
 12020.600     0.99354
 12020.700     0.99414
 12020.800     0.99564
 12020.900     0.99735
 12021.000     0.99864
 12021.100     0.99934
 12021.200     0.99958
 12021.300     0.99941
 12021.400     0.99871
 12021.500     0.99725
 12021.600     0.99503
 12021.700     0.99254
 12021.800     0.99058
 12021.900     0.98970
 12022.000     0.98979
 12022.100     0.99028
 12022.200     0.99006
 12022.300     0.98666
 12022.400     0.97660
 12022.500     0.95879
 12022.600     0.93870
 12022.700     0.92714
 12022.800     0.93157
 12022.900     0.94899
 12023.000     0.96923
 12023.100     0.98413
 12023.200     0.99182
 12023.300     0.99441
 12023.400     0.99421
 12023.500     0.99243
 12023.600     0.98988
 12023.700     0.98774
 12023.800     0.98724
 12023.900     0.98874
 12024.000     0.99141
 12024.100     0.99403
 12024.200     0.99588
 12024.300     0.99700
 12024.400     0.99768
 12024.500     0.99815
 12024.600     0.99849
 12024.700     0.99863
 12024.800     0.99830
 12024.900     0.99721
 12025.000     0.99518
 12025.100     0.99247
 12025.200     0.98984
 12025.300     0.98839
 12025.400     0.98897
 12025.500     0.99143
 12025.600     0.99464
 12025.700     0.99731
 12025.800     0.99889
 12025.900     0.99959
 12026.000     0.99983
 12026.100     0.99987
 12026.200     0.99983
 12026.300     0.99967
 12026.400     0.99929
 12026.500     0.99868
 12026.600     0.99801
 12026.700     0.99758
 12026.800     0.99755
 12026.900     0.99762
 12027.000     0.99728
 12027.100     0.99625
 12027.200     0.99471
 12027.300     0.99311
 12027.400     0.99172
 12027.500     0.98984
 12027.600     0.98498
 12027.700     0.97321
 12027.800     0.95286
 12027.900     0.92945
 12028.000     0.91502
 12028.100     0.91882
 12028.200     0.93846
 12028.300     0.96262
 12028.400     0.98137
 12028.500     0.99178
 12028.600     0.99588
 12028.700     0.99629
 12028.800     0.99406
 12028.900     0.98895
 12029.000     0.98090
 12029.100     0.97120
 12029.200     0.96203
 12029.300     0.95475
 12029.400     0.94916
 12029.500     0.94429
 12029.600     0.93931
 12029.700     0.93384
 12029.800     0.92770
 12029.900     0.92079
 12030.000     0.91300
 12030.100     0.90418
 12030.200     0.89417
 12030.300     0.88278
 12030.400     0.86978
 12030.500     0.85491
 12030.600     0.83779
 12030.700     0.81797
 12030.800     0.79477
 12030.900     0.76696
 12031.000     0.73216
 12031.100     0.68747
 12031.200     0.63248
 12031.300     0.57399
 12031.400     0.52688
 12031.500     0.50765
 12031.600     0.52400
 12031.700     0.56942
 12031.800     0.62785
 12031.900     0.68393
 12032.000     0.73000
 12032.100     0.76575
 12032.200     0.79390
 12032.300     0.81701
 12032.400     0.83665
 12032.500     0.85365
 12032.600     0.86852
 12032.700     0.88155
 12032.800     0.89296
 12032.900     0.90287
 12033.000     0.91131
 12033.100     0.91836
 12033.200     0.92430
 12033.300     0.92969
 12033.400     0.93510
 12033.500     0.94068
 12033.600     0.94616
 12033.700     0.95149
 12033.800     0.95713
 12033.900     0.96384
 12034.000     0.97168
 12034.100     0.97961
 12034.200     0.98627
 12034.300     0.99117
 12034.400     0.99466
 12034.500     0.99708
 12034.600     0.99846
 12034.700     0.99883
 12034.800     0.99824
 12034.900     0.99679
 12035.000     0.99486
 12035.100     0.99324
 12035.200     0.99274
 12035.300     0.99352
 12035.400     0.99493
 12035.500     0.99591
 12035.600     0.99563
 12035.700     0.99397
 12035.800     0.99160
 12035.900     0.98968
 12036.000     0.98905
 12036.100     0.98981
 12036.200     0.99155
 12036.300     0.99381
 12036.400     0.99609
 12036.500     0.99794
 12036.600     0.99910
 12036.700     0.99967
 12036.800     0.99987
 12036.900     0.99992
 12037.000     0.99991
 12037.100     0.99988
 12037.200     0.99985
 12037.300     0.99980
 12037.400     0.99976
 12037.500     0.99971
 12037.600     0.99964
 12037.700     0.99950
 12037.800     0.99925
 12037.900     0.99891
 12038.000     0.99859
 12038.100     0.99826
 12038.200     0.99741
 12038.300     0.99438
 12038.400     0.98603
 12038.500     0.96943
 12038.600     0.94627
 12038.700     0.92581
 12038.800     0.91996
 12038.900     0.93241
 12039.000     0.95481
 12039.100     0.97484
 12039.200     0.98541
 12039.300     0.98501
 12039.400     0.97266
 12039.500     0.94613
 12039.600     0.90703
 12039.700     0.86712
 12039.800     0.84545
 12039.900     0.85452
 12040.000     0.88897
 12040.100     0.93059
 12040.200     0.96346
 12040.300     0.98269
 12040.400     0.99142
 12040.500     0.99432
 12040.600     0.99439
 12040.700     0.99333
 12040.800     0.99244
 12040.900     0.99264
 12041.000     0.99395
 12041.100     0.99555
 12041.200     0.99652
 12041.300     0.99622
 12041.400     0.99380
 12041.500     0.98798
 12041.600     0.97853
 12041.700     0.96836
 12041.800     0.96289
 12041.900     0.96557
 12042.000     0.97436
 12042.100     0.98388
 12042.200     0.99042
 12042.300     0.99384
 12042.400     0.99567
 12042.500     0.99695
 12042.600     0.99788
 12042.700     0.99842
 12042.800     0.99854
 12042.900     0.99827
 12043.000     0.99770
 12043.100     0.99711
 12043.200     0.99689
 12043.300     0.99718
 12043.400     0.99768
 12043.500     0.99773
 12043.600     0.99652
 12043.700     0.99293
 12043.800     0.98559
 12043.900     0.97424
 12044.000     0.96191
 12044.100     0.95465
 12044.200     0.95685
 12044.300     0.96691
 12044.400     0.97892
 12044.500     0.98778
 12044.600     0.99152
 12044.700     0.98950
 12044.800     0.98057
 12044.900     0.96456
 12045.000     0.94613
 12045.100     0.93476
 12045.200     0.93768
 12045.300     0.95269
 12045.400     0.97051
 12045.500     0.98374
 12045.600     0.99107
 12045.700     0.99452
 12045.800     0.99585
 12045.900     0.99596
 12046.000     0.99570
 12046.100     0.99589
 12046.200     0.99669
 12046.300     0.99759
 12046.400     0.99803
 12046.500     0.99794
 12046.600     0.99769
 12046.700     0.99772
 12046.800     0.99813
 12046.900     0.99875
 12047.000     0.99931
 12047.100     0.99968
 12047.200     0.99986
 12047.300     0.99993
 12047.400     0.99991
 12047.500     0.99978
 12047.600     0.99939
 12047.700     0.99851
 12047.800     0.99694
 12047.900     0.99492
 12048.000     0.99323
 12048.100     0.99279
 12048.200     0.99374
 12048.300     0.99530
 12048.400     0.99651
 12048.500     0.99709
 12048.600     0.99741
 12048.700     0.99789
 12048.800     0.99852
 12048.900     0.99906
 12049.000     0.99934
 12049.100     0.99942
 12049.200     0.99944
 12049.300     0.99947
 12049.400     0.99948
 12049.500     1.00000
 12049.600     1.00000
 12049.700     1.00000
 12049.800     1.00000
 12049.900     1.00000
 12050.000     1.00000
