the number of points per synthesis =   2001
start =  10480.000     stop =  10680.000     step =      0.100
 10480.000     1.00000
 10480.100     1.00000
 10480.200     1.00000
 10480.300     1.00000
 10480.400     1.00000
 10480.500     0.99904
 10480.600     0.99885
 10480.700     0.99892
 10480.800     0.99917
 10480.900     0.99932
 10481.000     0.99914
 10481.100     0.99855
 10481.200     0.99767
 10481.300     0.99694
 10481.400     0.99689
 10481.500     0.99758
 10481.600     0.99854
 10481.700     0.99927
 10481.800     0.99963
 10481.900     0.99977
 10482.000     0.99981
 10482.100     0.99983
 10482.200     0.99983
 10482.300     0.99980
 10482.400     0.99971
 10482.500     0.99957
 10482.600     0.99945
 10482.700     0.99937
 10482.800     0.99936
 10482.900     0.99941
 10483.000     0.99952
 10483.100     0.99965
 10483.200     0.99968
 10483.300     0.99950
 10483.400     0.99903
 10483.500     0.99845
 10483.600     0.99813
 10483.700     0.99830
 10483.800     0.99879
 10483.900     0.99928
 10484.000     0.99961
 10484.100     0.99978
 10484.200     0.99986
 10484.300     0.99989
 10484.400     0.99990
 10484.500     0.99989
 10484.600     0.99988
 10484.700     0.99986
 10484.800     0.99983
 10484.900     0.99980
 10485.000     0.99977
 10485.100     0.99974
 10485.200     0.99971
 10485.300     0.99967
 10485.400     0.99961
 10485.500     0.99949
 10485.600     0.99916
 10485.700     0.99761
 10485.800     0.99136
 10485.900     0.97207
 10486.000     0.92943
 10486.100     0.86747
 10486.200     0.81757
 10486.300     0.81616
 10486.400     0.86324
 10486.500     0.92299
 10486.600     0.96511
 10486.700     0.98562
 10486.800     0.99343
 10486.900     0.99572
 10487.000     0.99619
 10487.100     0.99672
 10487.200     0.99766
 10487.300     0.99863
 10487.400     0.99929
 10487.500     0.99960
 10487.600     0.99972
 10487.700     0.99974
 10487.800     0.99971
 10487.900     0.99968
 10488.000     0.99967
 10488.100     0.99965
 10488.200     0.99952
 10488.300     0.99913
 10488.400     0.99832
 10488.500     0.99714
 10488.600     0.99612
 10488.700     0.99594
 10488.800     0.99664
 10488.900     0.99757
 10489.000     0.99804
 10489.100     0.99768
 10489.200     0.99660
 10489.300     0.99557
 10489.400     0.99556
 10489.500     0.99667
 10489.600     0.99801
 10489.700     0.99871
 10489.800     0.99857
 10489.900     0.99768
 10490.000     0.99615
 10490.100     0.99437
 10490.200     0.99327
 10490.300     0.99352
 10490.400     0.99464
 10490.500     0.99560
 10490.600     0.99604
 10490.700     0.99626
 10490.800     0.99653
 10490.900     0.99693
 10491.000     0.99759
 10491.100     0.99845
 10491.200     0.99922
 10491.300     0.99967
 10491.400     0.99987
 10491.500     0.99993
 10491.600     0.99992
 10491.700     0.99985
 10491.800     0.99966
 10491.900     0.99922
 10492.000     0.99839
 10492.100     0.99704
 10492.200     0.99482
 10492.300     0.99149
 10492.400     0.98818
 10492.500     0.98731
 10492.600     0.98990
 10492.700     0.99403
 10492.800     0.99700
 10492.900     0.99774
 10493.000     0.99683
 10493.100     0.99567
 10493.200     0.99553
 10493.300     0.99666
 10493.400     0.99819
 10493.500     0.99927
 10493.600     0.99974
 10493.700     0.99984
 10493.800     0.99983
 10493.900     0.99981
 10494.000     0.99981
 10494.100     0.99981
 10494.200     0.99978
 10494.300     0.99974
 10494.400     0.99972
 10494.500     0.99971
 10494.600     0.99967
 10494.700     0.99955
 10494.800     0.99934
 10494.900     0.99908
 10495.000     0.99889
 10495.100     0.99885
 10495.200     0.99887
 10495.300     0.99883
 10495.400     0.99862
 10495.500     0.99772
 10495.600     0.99353
 10495.700     0.97812
 10495.800     0.93722
 10495.900     0.86250
 10496.000     0.77582
 10496.100     0.72886
 10496.200     0.75676
 10496.300     0.83784
 10496.400     0.91850
 10496.500     0.96731
 10496.600     0.98792
 10496.700     0.99486
 10496.800     0.99639
 10496.900     0.99445
 10497.000     0.98968
 10497.100     0.98447
 10497.200     0.98274
 10497.300     0.98608
 10497.400     0.99184
 10497.500     0.99647
 10497.600     0.99880
 10497.700     0.99961
 10497.800     0.99983
 10497.900     0.99988
 10498.000     0.99989
 10498.100     0.99989
 10498.200     0.99988
 10498.300     0.99986
 10498.400     0.99984
 10498.500     0.99983
 10498.600     0.99979
 10498.700     0.99965
 10498.800     0.99928
 10498.900     0.99867
 10499.000     0.99808
 10499.100     0.99796
 10499.200     0.99840
 10499.300     0.99905
 10499.400     0.99955
 10499.500     0.99979
 10499.600     0.99984
 10499.700     0.99974
 10499.800     0.99942
 10499.900     0.99884
 10500.000     0.99820
 10500.100     0.99789
 10500.200     0.99811
 10500.300     0.99861
 10500.400     0.99907
 10500.500     0.99935
 10500.600     0.99944
 10500.700     0.99936
 10500.800     0.99909
 10500.900     0.99841
 10501.000     0.99668
 10501.100     0.99302
 10501.200     0.98726
 10501.300     0.98113
 10501.400     0.97791
 10501.500     0.97977
 10501.600     0.98562
 10501.700     0.99204
 10501.800     0.99639
 10501.900     0.99836
 10502.000     0.99897
 10502.100     0.99917
 10502.200     0.99933
 10502.300     0.99950
 10502.400     0.99960
 10502.500     0.99946
 10502.600     0.99878
 10502.700     0.99682
 10502.800     0.99286
 10502.900     0.98751
 10503.000     0.98339
 10503.100     0.98304
 10503.200     0.98630
 10503.300     0.99084
 10503.400     0.99460
 10503.500     0.99693
 10503.600     0.99814
 10503.700     0.99875
 10503.800     0.99895
 10503.900     0.99865
 10504.000     0.99792
 10504.100     0.99725
 10504.200     0.99713
 10504.300     0.99749
 10504.400     0.99784
 10504.500     0.99795
 10504.600     0.99810
 10504.700     0.99842
 10504.800     0.99855
 10504.900     0.99755
 10505.000     0.99429
 10505.100     0.98868
 10505.200     0.98304
 10505.300     0.98065
 10505.400     0.98131
 10505.500     0.98088
 10505.600     0.97712
 10505.700     0.97359
 10505.800     0.97503
 10505.900     0.98103
 10506.000     0.98742
 10506.100     0.99167
 10506.200     0.99391
 10506.300     0.99466
 10506.400     0.99388
 10506.500     0.99204
 10506.600     0.99075
 10506.700     0.99155
 10506.800     0.99418
 10506.900     0.99693
 10507.000     0.99865
 10507.100     0.99938
 10507.200     0.99964
 10507.300     0.99974
 10507.400     0.99976
 10507.500     0.99962
 10507.600     0.99918
 10507.700     0.99838
 10507.800     0.99749
 10507.900     0.99709
 10508.000     0.99750
 10508.100     0.99833
 10508.200     0.99892
 10508.300     0.99902
 10508.400     0.99883
 10508.500     0.99875
 10508.600     0.99895
 10508.700     0.99926
 10508.800     0.99946
 10508.900     0.99947
 10509.000     0.99938
 10509.100     0.99930
 10509.200     0.99930
 10509.300     0.99934
 10509.400     0.99922
 10509.500     0.99810
 10509.600     0.99375
 10509.700     0.98155
 10509.800     0.95797
 10509.900     0.92952
 10510.000     0.91431
 10510.100     0.92472
 10510.200     0.95175
 10510.300     0.97586
 10510.400     0.98682
 10510.500     0.98733
 10510.600     0.98501
 10510.700     0.98544
 10510.800     0.98943
 10510.900     0.99417
 10511.000     0.99732
 10511.100     0.99867
 10511.200     0.99886
 10511.300     0.99820
 10511.400     0.99680
 10511.500     0.99525
 10511.600     0.99455
 10511.700     0.99516
 10511.800     0.99657
 10511.900     0.99793
 10512.000     0.99881
 10512.100     0.99915
 10512.200     0.99902
 10512.300     0.99856
 10512.400     0.99806
 10512.500     0.99780
 10512.600     0.99797
 10512.700     0.99850
 10512.800     0.99907
 10512.900     0.99937
 10513.000     0.99936
 10513.100     0.99914
 10513.200     0.99884
 10513.300     0.99855
 10513.400     0.99839
 10513.500     0.99846
 10513.600     0.99870
 10513.700     0.99892
 10513.800     0.99908
 10513.900     0.99919
 10514.000     0.99913
 10514.100     0.99852
 10514.200     0.99703
 10514.300     0.99502
 10514.400     0.99378
 10514.500     0.99435
 10514.600     0.99627
 10514.700     0.99819
 10514.800     0.99932
 10514.900     0.99976
 10515.000     0.99987
 10515.100     0.99988
 10515.200     0.99986
 10515.300     0.99982
 10515.400     0.99977
 10515.500     0.99970
 10515.600     0.99958
 10515.700     0.99930
 10515.800     0.99871
 10515.900     0.99764
 10516.000     0.99624
 10516.100     0.99511
 10516.200     0.99492
 10516.300     0.99576
 10516.400     0.99703
 10516.500     0.99809
 10516.600     0.99873
 10516.700     0.99900
 10516.800     0.99901
 10516.900     0.99870
 10517.000     0.99786
 10517.100     0.99604
 10517.200     0.99261
 10517.300     0.98743
 10517.400     0.98201
 10517.500     0.97936
 10517.600     0.98136
 10517.700     0.98669
 10517.800     0.99220
 10517.900     0.99590
 10518.000     0.99772
 10518.100     0.99835
 10518.200     0.99843
 10518.300     0.99833
 10518.400     0.99811
 10518.500     0.99742
 10518.600     0.99567
 10518.700     0.99284
 10518.800     0.99031
 10518.900     0.99003
 10519.000     0.99233
 10519.100     0.99556
 10519.200     0.99797
 10519.300     0.99918
 10519.400     0.99963
 10519.500     0.99978
 10519.600     0.99983
 10519.700     0.99986
 10519.800     0.99987
 10519.900     0.99987
 10520.000     0.99987
 10520.100     0.99988
 10520.200     0.99988
 10520.300     0.99987
 10520.400     0.99985
 10520.500     0.99980
 10520.600     0.99969
 10520.700     0.99945
 10520.800     0.99895
 10520.900     0.99829
 10521.000     0.99777
 10521.100     0.99760
 10521.200     0.99757
 10521.300     0.99729
 10521.400     0.99663
 10521.500     0.99566
 10521.600     0.99461
 10521.700     0.99403
 10521.800     0.99453
 10521.900     0.99599
 10522.000     0.99756
 10522.100     0.99853
 10522.200     0.99877
 10522.300     0.99831
 10522.400     0.99724
 10522.500     0.99613
 10522.600     0.99590
 10522.700     0.99681
 10522.800     0.99817
 10522.900     0.99918
 10523.000     0.99955
 10523.100     0.99942
 10523.200     0.99897
 10523.300     0.99851
 10523.400     0.99840
 10523.500     0.99877
 10523.600     0.99932
 10523.700     0.99971
 10523.800     0.99985
 10523.900     0.99980
 10524.000     0.99966
 10524.100     0.99950
 10524.200     0.99930
 10524.300     0.99900
 10524.400     0.99868
 10524.500     0.99858
 10524.600     0.99882
 10524.700     0.99919
 10524.800     0.99926
 10524.900     0.99865
 10525.000     0.99699
 10525.100     0.99404
 10525.200     0.99025
 10525.300     0.98737
 10525.400     0.98751
 10525.500     0.99077
 10525.600     0.99492
 10525.700     0.99787
 10525.800     0.99920
 10525.900     0.99944
 10526.000     0.99906
 10526.100     0.99830
 10526.200     0.99756
 10526.300     0.99717
 10526.400     0.99687
 10526.500     0.99606
 10526.600     0.99476
 10526.700     0.99362
 10526.800     0.99273
 10526.900     0.99150
 10527.000     0.99029
 10527.100     0.99057
 10527.200     0.99287
 10527.300     0.99591
 10527.400     0.99816
 10527.500     0.99923
 10527.600     0.99952
 10527.700     0.99939
 10527.800     0.99881
 10527.900     0.99753
 10528.000     0.99572
 10528.100     0.99437
 10528.200     0.99455
 10528.300     0.99612
 10528.400     0.99792
 10528.500     0.99910
 10528.600     0.99962
 10528.700     0.99978
 10528.800     0.99980
 10528.900     0.99976
 10529.000     0.99960
 10529.100     0.99906
 10529.200     0.99761
 10529.300     0.99485
 10529.400     0.99141
 10529.500     0.98926
 10529.600     0.99002
 10529.700     0.99302
 10529.800     0.99615
 10529.900     0.99791
 10530.000     0.99760
 10530.100     0.99365
 10530.200     0.98202
 10530.300     0.95936
 10530.400     0.93159
 10530.500     0.91577
 10530.600     0.92445
 10530.700     0.95038
 10530.800     0.97571
 10530.900     0.99063
 10531.000     0.99662
 10531.100     0.99836
 10531.200     0.99859
 10531.300     0.99833
 10531.400     0.99763
 10531.500     0.99622
 10531.600     0.99363
 10531.700     0.98843
 10531.800     0.97496
 10531.900     0.94088
 10532.000     0.87595
 10532.100     0.79419
 10532.200     0.74020
 10532.300     0.75311
 10532.400     0.82374
 10532.500     0.90489
 10532.600     0.96017
 10532.700     0.98595
 10532.800     0.99492
 10532.900     0.99756
 10533.000     0.99835
 10533.100     0.99870
 10533.200     0.99885
 10533.300     0.99884
 10533.400     0.99857
 10533.500     0.99768
 10533.600     0.99534
 10533.700     0.99084
 10533.800     0.98503
 10533.900     0.98046
 10534.000     0.97885
 10534.100     0.97946
 10534.200     0.98118
 10534.300     0.98396
 10534.400     0.98776
 10534.500     0.99190
 10534.600     0.99542
 10534.700     0.99770
 10534.800     0.99874
 10534.900     0.99896
 10535.000     0.99876
 10535.100     0.99810
 10535.200     0.99616
 10535.300     0.99083
 10535.400     0.97839
 10535.500     0.95680
 10535.600     0.93200
 10535.700     0.91770
 10535.800     0.92271
 10535.900     0.94130
 10536.000     0.96148
 10536.100     0.97703
 10536.200     0.98752
 10536.300     0.99376
 10536.400     0.99671
 10536.500     0.99775
 10536.600     0.99807
 10536.700     0.99833
 10536.800     0.99874
 10536.900     0.99918
 10537.000     0.99949
 10537.100     0.99960
 10537.200     0.99957
 10537.300     0.99945
 10537.400     0.99932
 10537.500     0.99927
 10537.600     0.99931
 10537.700     0.99935
 10537.800     0.99918
 10537.900     0.99851
 10538.000     0.99727
 10538.100     0.99605
 10538.200     0.99574
 10538.300     0.99664
 10538.400     0.99802
 10538.500     0.99904
 10538.600     0.99949
 10538.700     0.99963
 10538.800     0.99971
 10538.900     0.99980
 10539.000     0.99988
 10539.100     0.99989
 10539.200     0.99979
 10539.300     0.99953
 10539.400     0.99913
 10539.500     0.99880
 10539.600     0.99877
 10539.700     0.99906
 10539.800     0.99945
 10539.900     0.99973
 10540.000     0.99985
 10540.100     0.99989
 10540.200     0.99990
 10540.300     0.99990
 10540.400     0.99989
 10540.500     0.99987
 10540.600     0.99981
 10540.700     0.99965
 10540.800     0.99926
 10540.900     0.99848
 10541.000     0.99725
 10541.100     0.99586
 10541.200     0.99498
 10541.300     0.99512
 10541.400     0.99613
 10541.500     0.99717
 10541.600     0.99706
 10541.700     0.99467
 10541.800     0.98993
 10541.900     0.98514
 10542.000     0.98395
 10542.100     0.98744
 10542.200     0.99288
 10542.300     0.99703
 10542.400     0.99901
 10542.500     0.99958
 10542.600     0.99938
 10542.700     0.99843
 10542.800     0.99662
 10542.900     0.99451
 10543.000     0.99328
 10543.100     0.99350
 10543.200     0.99421
 10543.300     0.99367
 10543.400     0.99095
 10543.500     0.98733
 10543.600     0.98589
 10543.700     0.98833
 10543.800     0.99298
 10543.900     0.99693
 10544.000     0.99901
 10544.100     0.99975
 10544.200     0.99994
 10544.300     0.99995
 10544.400     0.99989
 10544.500     0.99978
 10544.600     0.99960
 10544.700     0.99941
 10544.800     0.99928
 10544.900     0.99926
 10545.000     0.99931
 10545.100     0.99938
 10545.200     0.99943
 10545.300     0.99946
 10545.400     0.99949
 10545.500     0.99957
 10545.600     0.99968
 10545.700     0.99979
 10545.800     0.99984
 10545.900     0.99981
 10546.000     0.99964
 10546.100     0.99916
 10546.200     0.99819
 10546.300     0.99688
 10546.400     0.99595
 10546.500     0.99610
 10546.600     0.99720
 10546.700     0.99848
 10546.800     0.99932
 10546.900     0.99970
 10547.000     0.99983
 10547.100     0.99988
 10547.200     0.99987
 10547.300     0.99984
 10547.400     0.99978
 10547.500     0.99974
 10547.600     0.99975
 10547.700     0.99981
 10547.800     0.99987
 10547.900     0.99987
 10548.000     0.99980
 10548.100     0.99966
 10548.200     0.99950
 10548.300     0.99944
 10548.400     0.99953
 10548.500     0.99970
 10548.600     0.99984
 10548.700     0.99991
 10548.800     0.99991
 10548.900     0.99989
 10549.000     0.99987
 10549.100     0.99987
 10549.200     0.99990
 10549.300     0.99992
 10549.400     0.99990
 10549.500     0.99984
 10549.600     0.99966
 10549.700     0.99916
 10549.800     0.99779
 10549.900     0.99516
 10550.000     0.99208
 10550.100     0.99065
 10550.200     0.99211
 10550.300     0.99522
 10550.400     0.99788
 10550.500     0.99915
 10550.600     0.99924
 10550.700     0.99839
 10550.800     0.99689
 10550.900     0.99549
 10551.000     0.99521
 10551.100     0.99625
 10551.200     0.99778
 10551.300     0.99874
 10551.400     0.99849
 10551.500     0.99664
 10551.600     0.99346
 10551.700     0.99067
 10551.800     0.99044
 10551.900     0.99298
 10552.000     0.99629
 10552.100     0.99856
 10552.200     0.99955
 10552.300     0.99983
 10552.400     0.99977
 10552.500     0.99915
 10552.600     0.99696
 10552.700     0.99145
 10552.800     0.98237
 10552.900     0.97370
 10553.000     0.97167
 10553.100     0.97789
 10553.200     0.98734
 10553.300     0.99451
 10553.400     0.99807
 10553.500     0.99938
 10553.600     0.99978
 10553.700     0.99987
 10553.800     0.99988
 10553.900     0.99988
 10554.000     0.99988
 10554.100     0.99988
 10554.200     0.99989
 10554.300     0.99989
 10554.400     0.99985
 10554.500     0.99971
 10554.600     0.99937
 10554.700     0.99878
 10554.800     0.99813
 10554.900     0.99780
 10555.000     0.99794
 10555.100     0.99796
 10555.200     0.99646
 10555.300     0.99076
 10555.400     0.97763
 10555.500     0.95830
 10555.600     0.94286
 10555.700     0.94306
 10555.800     0.95878
 10555.900     0.97817
 10556.000     0.99132
 10556.100     0.99718
 10556.200     0.99905
 10556.300     0.99950
 10556.400     0.99953
 10556.500     0.99943
 10556.600     0.99920
 10556.700     0.99892
 10556.800     0.99877
 10556.900     0.99886
 10557.000     0.99901
 10557.100     0.99879
 10557.200     0.99752
 10557.300     0.99470
 10557.400     0.99095
 10557.500     0.98851
 10557.600     0.98920
 10557.700     0.99214
 10557.800     0.99480
 10557.900     0.99520
 10558.000     0.99225
 10558.100     0.98469
 10558.200     0.97223
 10558.300     0.95847
 10558.400     0.95091
 10558.500     0.95448
 10558.600     0.96543
 10558.700     0.97535
 10558.800     0.98059
 10558.900     0.98374
 10559.000     0.98771
 10559.100     0.99218
 10559.200     0.99560
 10559.300     0.99741
 10559.400     0.99814
 10559.500     0.99853
 10559.600     0.99895
 10559.700     0.99935
 10559.800     0.99962
 10559.900     0.99973
 10560.000     0.99973
 10560.100     0.99959
 10560.200     0.99927
 10560.300     0.99874
 10560.400     0.99800
 10560.500     0.99695
 10560.600     0.99544
 10560.700     0.99374
 10560.800     0.99273
 10560.900     0.99324
 10561.000     0.99511
 10561.100     0.99723
 10561.200     0.99858
 10561.300     0.99897
 10561.400     0.99882
 10561.500     0.99860
 10561.600     0.99857
 10561.700     0.99879
 10561.800     0.99915
 10561.900     0.99951
 10562.000     0.99973
 10562.100     0.99978
 10562.200     0.99963
 10562.300     0.99923
 10562.400     0.99869
 10562.500     0.99835
 10562.600     0.99847
 10562.700     0.99893
 10562.800     0.99941
 10562.900     0.99970
 10563.000     0.99980
 10563.100     0.99980
 10563.200     0.99971
 10563.300     0.99939
 10563.400     0.99853
 10563.500     0.99696
 10563.600     0.99522
 10563.700     0.99452
 10563.800     0.99545
 10563.900     0.99725
 10564.000     0.99873
 10564.100     0.99948
 10564.200     0.99973
 10564.300     0.99979
 10564.400     0.99975
 10564.500     0.99949
 10564.600     0.99869
 10564.700     0.99688
 10564.800     0.99400
 10564.900     0.99119
 10565.000     0.99016
 10565.100     0.99120
 10565.200     0.99268
 10565.300     0.99334
 10565.400     0.99371
 10565.500     0.99436
 10565.600     0.99412
 10565.700     0.99082
 10565.800     0.98421
 10565.900     0.97781
 10566.000     0.97654
 10566.100     0.98151
 10566.200     0.98895
 10566.300     0.99477
 10566.400     0.99784
 10566.500     0.99907
 10566.600     0.99950
 10566.700     0.99963
 10566.800     0.99964
 10566.900     0.99957
 10567.000     0.99946
 10567.100     0.99935
 10567.200     0.99910
 10567.300     0.99813
 10567.400     0.99574
 10567.500     0.99209
 10567.600     0.98905
 10567.700     0.98879
 10567.800     0.99105
 10567.900     0.99331
 10568.000     0.99398
 10568.100     0.99392
 10568.200     0.99464
 10568.300     0.99629
 10568.400     0.99783
 10568.500     0.99836
 10568.600     0.99761
 10568.700     0.99600
 10568.800     0.99471
 10568.900     0.99484
 10569.000     0.99628
 10569.100     0.99789
 10569.200     0.99863
 10569.300     0.99790
 10569.400     0.99525
 10569.500     0.99102
 10569.600     0.98731
 10569.700     0.98645
 10569.800     0.98804
 10569.900     0.98936
 10570.000     0.98924
 10570.100     0.98937
 10570.200     0.99134
 10570.300     0.99437
 10570.400     0.99679
 10570.500     0.99804
 10570.600     0.99864
 10570.700     0.99905
 10570.800     0.99922
 10570.900     0.99869
 10571.000     0.99663
 10571.100     0.99250
 10571.200     0.98752
 10571.300     0.98488
 10571.400     0.98669
 10571.500     0.99139
 10571.600     0.99568
 10571.700     0.99778
 10571.800     0.99772
 10571.900     0.99556
 10572.000     0.99102
 10572.100     0.98492
 10572.200     0.98012
 10572.300     0.97969
 10572.400     0.98374
 10572.500     0.98938
 10572.600     0.99381
 10572.700     0.99639
 10572.800     0.99778
 10572.900     0.99859
 10573.000     0.99907
 10573.100     0.99928
 10573.200     0.99934
 10573.300     0.99940
 10573.400     0.99950
 10573.500     0.99958
 10573.600     0.99956
 10573.700     0.99942
 10573.800     0.99918
 10573.900     0.99891
 10574.000     0.99874
 10574.100     0.99875
 10574.200     0.99897
 10574.300     0.99926
 10574.400     0.99951
 10574.500     0.99960
 10574.600     0.99943
 10574.700     0.99883
 10574.800     0.99770
 10574.900     0.99640
 10575.000     0.99573
 10575.100     0.99618
 10575.200     0.99734
 10575.300     0.99837
 10575.400     0.99886
 10575.500     0.99895
 10575.600     0.99900
 10575.700     0.99917
 10575.800     0.99938
 10575.900     0.99947
 10576.000     0.99944
 10576.100     0.99939
 10576.200     0.99941
 10576.300     0.99948
 10576.400     0.99951
 10576.500     0.99938
 10576.600     0.99851
 10576.700     0.99480
 10576.800     0.98304
 10576.900     0.95691
 10577.000     0.91943
 10577.100     0.89069
 10577.200     0.89265
 10577.300     0.92361
 10577.400     0.96039
 10577.500     0.98475
 10577.600     0.99532
 10577.700     0.99860
 10577.800     0.99940
 10577.900     0.99960
 10578.000     0.99970
 10578.100     0.99975
 10578.200     0.99975
 10578.300     0.99970
 10578.400     0.99962
 10578.500     0.99954
 10578.600     0.99948
 10578.700     0.99947
 10578.800     0.99945
 10578.900     0.99916
 10579.000     0.99789
 10579.100     0.99475
 10579.200     0.98983
 10579.300     0.98552
 10579.400     0.98500
 10579.500     0.98870
 10579.600     0.99374
 10579.700     0.99726
 10579.800     0.99862
 10579.900     0.99847
 10580.000     0.99727
 10580.100     0.99548
 10580.200     0.99407
 10580.300     0.99406
 10580.400     0.99520
 10580.500     0.99608
 10580.600     0.99590
 10580.700     0.99538
 10580.800     0.99563
 10580.900     0.99675
 10581.000     0.99787
 10581.100     0.99809
 10581.200     0.99681
 10581.300     0.99357
 10581.400     0.98862
 10581.500     0.98398
 10581.600     0.98233
 10581.700     0.98364
 10581.800     0.98368
 10581.900     0.97748
 10582.000     0.96504
 10582.100     0.95369
 10582.200     0.95245
 10582.300     0.96272
 10582.400     0.97705
 10582.500     0.98752
 10582.600     0.99184
 10582.700     0.99202
 10582.800     0.99071
 10582.900     0.98930
 10583.000     0.98803
 10583.100     0.98657
 10583.200     0.98461
 10583.300     0.98216
 10583.400     0.97960
 10583.500     0.97715
 10583.600     0.97407
 10583.700     0.96856
 10583.800     0.95926
 10583.900     0.94765
 10584.000     0.93789
 10584.100     0.93161
 10584.200     0.92222
 10584.300     0.89534
 10584.400     0.83926
 10584.500     0.76236
 10584.600     0.69676
 10584.700     0.66784
 10584.800     0.66098
 10584.900     0.64012
 10585.000     0.59728
 10585.100     0.56348
 10585.200     0.57277
 10585.300     0.62942
 10585.400     0.70937
 10585.500     0.78426
 10585.600     0.84024
 10585.700     0.87826
 10585.800     0.90438
 10585.900     0.92330
 10586.000     0.93753
 10586.100     0.94839
 10586.200     0.95674
 10586.300     0.96329
 10586.400     0.96853
 10586.500     0.97273
 10586.600     0.97603
 10586.700     0.97858
 10586.800     0.98066
 10586.900     0.98259
 10587.000     0.98447
 10587.100     0.98619
 10587.200     0.98766
 10587.300     0.98893
 10587.400     0.99025
 10587.500     0.99197
 10587.600     0.99422
 10587.700     0.99663
 10587.800     0.99850
 10587.900     0.99951
 10588.000     0.99989
 10588.100     0.99998
 10588.200     1.00000
 10588.300     0.99999
 10588.400     0.99998
 10588.500     0.99997
 10588.600     0.99995
 10588.700     0.99995
 10588.800     0.99997
 10588.900     0.99998
 10589.000     0.99999
 10589.100     0.99997
 10589.200     0.99987
 10589.300     0.99959
 10589.400     0.99903
 10589.500     0.99831
 10589.600     0.99781
 10589.700     0.99783
 10589.800     0.99831
 10589.900     0.99885
 10590.000     0.99922
 10590.100     0.99937
 10590.200     0.99922
 10590.300     0.99854
 10590.400     0.99733
 10590.500     0.99620
 10590.600     0.99603
 10590.700     0.99699
 10590.800     0.99832
 10590.900     0.99925
 10591.000     0.99959
 10591.100     0.99953
 10591.200     0.99934
 10591.300     0.99926
 10591.400     0.99939
 10591.500     0.99964
 10591.600     0.99985
 10591.700     0.99995
 10591.800     0.99998
 10591.900     0.99995
 10592.000     0.99987
 10592.100     0.99971
 10592.200     0.99952
 10592.300     0.99942
 10592.400     0.99947
 10592.500     0.99953
 10592.600     0.99921
 10592.700     0.99788
 10592.800     0.99510
 10592.900     0.99163
 10593.000     0.98963
 10593.100     0.99062
 10593.200     0.99347
 10593.300     0.99554
 10593.400     0.99554
 10593.500     0.99435
 10593.600     0.99367
 10593.700     0.99431
 10593.800     0.99588
 10593.900     0.99751
 10594.000     0.99865
 10594.100     0.99923
 10594.200     0.99949
 10594.300     0.99963
 10594.400     0.99974
 10594.500     0.99974
 10594.600     0.99960
 10594.700     0.99933
 10594.800     0.99911
 10594.900     0.99911
 10595.000     0.99936
 10595.100     0.99967
 10595.200     0.99988
 10595.300     0.99997
 10595.400     0.99999
 10595.500     1.00000
 10595.600     1.00000
 10595.700     1.00000
 10595.800     0.99999
 10595.900     0.99997
 10596.000     0.99993
 10596.100     0.99987
 10596.200     0.99980
 10596.300     0.99975
 10596.400     0.99969
 10596.500     0.99946
 10596.600     0.99881
 10596.700     0.99760
 10596.800     0.99620
 10596.900     0.99547
 10597.000     0.99592
 10597.100     0.99710
 10597.200     0.99820
 10597.300     0.99873
 10597.400     0.99864
 10597.500     0.99805
 10597.600     0.99715
 10597.700     0.99630
 10597.800     0.99602
 10597.900     0.99655
 10598.000     0.99758
 10598.100     0.99855
 10598.200     0.99916
 10598.300     0.99946
 10598.400     0.99962
 10598.500     0.99974
 10598.600     0.99983
 10598.700     0.99988
 10598.800     0.99989
 10598.900     0.99990
 10599.000     0.99989
 10599.100     0.99988
 10599.200     0.99986
 10599.300     0.99984
 10599.400     0.99985
 10599.500     0.99989
 10599.600     0.99994
 10599.700     0.99997
 10599.800     0.99999
 10599.900     1.00000
 10600.000     1.00000
 10600.100     0.99999
 10600.200     0.99995
 10600.300     0.99985
 10600.400     0.99966
 10600.500     0.99936
 10600.600     0.99901
 10600.700     0.99867
 10600.800     0.99818
 10600.900     0.99723
 10601.000     0.99569
 10601.100     0.99384
 10601.200     0.99216
 10601.300     0.99090
 10601.400     0.98963
 10601.500     0.98730
 10601.600     0.98350
 10601.700     0.97952
 10601.800     0.97718
 10601.900     0.97680
 10602.000     0.97734
 10602.100     0.97773
 10602.200     0.97697
 10602.300     0.97336
 10602.400     0.96401
 10602.500     0.94470
 10602.600     0.91324
 10602.700     0.87614
 10602.800     0.84741
 10602.900     0.83330
 10603.000     0.81975
 10603.100     0.78363
 10603.200     0.71805
 10603.300     0.64531
 10603.400     0.60400
 10603.500     0.61942
 10603.600     0.68392
 10603.700     0.76568
 10603.800     0.83554
 10603.900     0.88383
 10604.000     0.91555
 10604.100     0.93762
 10604.200     0.95334
 10604.300     0.96415
 10604.400     0.97149
 10604.500     0.97667
 10604.600     0.98051
 10604.700     0.98340
 10604.800     0.98550
 10604.900     0.98679
 10605.000     0.98743
 10605.100     0.98796
 10605.200     0.98899
 10605.300     0.99058
 10605.400     0.99222
 10605.500     0.99344
 10605.600     0.99422
 10605.700     0.99481
 10605.800     0.99554
 10605.900     0.99660
 10606.000     0.99786
 10606.100     0.99892
 10606.200     0.99957
 10606.300     0.99986
 10606.400     0.99996
 10606.500     0.99999
 10606.600     0.99998
 10606.700     0.99996
 10606.800     0.99994
 10606.900     0.99992
 10607.000     0.99990
 10607.100     0.99980
 10607.200     0.99909
 10607.300     0.99610
 10607.400     0.98705
 10607.500     0.96851
 10607.600     0.94481
 10607.700     0.93065
 10607.800     0.93757
 10607.900     0.95968
 10608.000     0.98125
 10608.100     0.99364
 10608.200     0.99835
 10608.300     0.99962
 10608.400     0.99979
 10608.500     0.99964
 10608.600     0.99919
 10608.700     0.99827
 10608.800     0.99699
 10608.900     0.99584
 10609.000     0.99506
 10609.100     0.99378
 10609.200     0.99085
 10609.300     0.98698
 10609.400     0.98491
 10609.500     0.98623
 10609.600     0.98926
 10609.700     0.99167
 10609.800     0.99326
 10609.900     0.99496
 10610.000     0.99684
 10610.100     0.99828
 10610.200     0.99901
 10610.300     0.99917
 10610.400     0.99900
 10610.500     0.99870
 10610.600     0.99846
 10610.700     0.99824
 10610.800     0.99772
 10610.900     0.99649
 10611.000     0.99446
 10611.100     0.99144
 10611.200     0.98593
 10611.300     0.97442
 10611.400     0.95329
 10611.500     0.92395
 10611.600     0.89793
 10611.700     0.89202
 10611.800     0.91185
 10611.900     0.94446
 10612.000     0.97218
 10612.100     0.98789
 10612.200     0.99444
 10612.300     0.99665
 10612.400     0.99743
 10612.500     0.99798
 10612.600     0.99853
 10612.700     0.99898
 10612.800     0.99924
 10612.900     0.99932
 10613.000     0.99929
 10613.100     0.99924
 10613.200     0.99925
 10613.300     0.99933
 10613.400     0.99939
 10613.500     0.99943
 10613.600     0.99947
 10613.700     0.99958
 10613.800     0.99969
 10613.900     0.99975
 10614.000     0.99974
 10614.100     0.99970
 10614.200     0.99967
 10614.300     0.99971
 10614.400     0.99980
 10614.500     0.99990
 10614.600     0.99996
 10614.700     0.99999
 10614.800     1.00000
 10614.900     1.00000
 10615.000     0.99999
 10615.100     0.99998
 10615.200     0.99996
 10615.300     0.99994
 10615.400     0.99992
 10615.500     0.99990
 10615.600     0.99988
 10615.700     0.99986
 10615.800     0.99982
 10615.900     0.99976
 10616.000     0.99969
 10616.100     0.99944
 10616.200     0.99815
 10616.300     0.99313
 10616.400     0.97846
 10616.500     0.94874
 10616.600     0.91059
 10616.700     0.88683
 10616.800     0.89630
 10616.900     0.93095
 10617.000     0.96567
 10617.100     0.98488
 10617.200     0.98940
 10617.300     0.98643
 10617.400     0.98197
 10617.500     0.97836
 10617.600     0.97296
 10617.700     0.96268
 10617.800     0.95148
 10617.900     0.94901
 10618.000     0.95917
 10618.100     0.97521
 10618.200     0.98818
 10618.300     0.99508
 10618.400     0.99770
 10618.500     0.99834
 10618.600     0.99833
 10618.700     0.99838
 10618.800     0.99869
 10618.900     0.99913
 10619.000     0.99946
 10619.100     0.99960
 10619.200     0.99963
 10619.300     0.99966
 10619.400     0.99967
 10619.500     0.99965
 10619.600     0.99963
 10619.700     0.99963
 10619.800     0.99960
 10619.900     0.99935
 10620.000     0.99868
 10620.100     0.99762
 10620.200     0.99669
 10620.300     0.99658
 10620.400     0.99732
 10620.500     0.99815
 10620.600     0.99825
 10620.700     0.99743
 10620.800     0.99635
 10620.900     0.99597
 10621.000     0.99663
 10621.100     0.99767
 10621.200     0.99833
 10621.300     0.99856
 10621.400     0.99869
 10621.500     0.99890
 10621.600     0.99909
 10621.700     0.99920
 10621.800     0.99924
 10621.900     0.99924
 10622.000     0.99914
 10622.100     0.99865
 10622.200     0.99704
 10622.300     0.99313
 10622.400     0.98651
 10622.500     0.97956
 10622.600     0.97687
 10622.700     0.98054
 10622.800     0.98764
 10622.900     0.99373
 10623.000     0.99712
 10623.100     0.99859
 10623.200     0.99921
 10623.300     0.99950
 10623.400     0.99964
 10623.500     0.99970
 10623.600     0.99964
 10623.700     0.99925
 10623.800     0.99824
 10623.900     0.99666
 10624.000     0.99531
 10624.100     0.99521
 10624.200     0.99645
 10624.300     0.99808
 10624.400     0.99921
 10624.500     0.99972
 10624.600     0.99988
 10624.700     0.99993
 10624.800     0.99996
 10624.900     0.99997
 10625.000     0.99997
 10625.100     0.99994
 10625.200     0.99990
 10625.300     0.99987
 10625.400     0.99981
 10625.500     0.99971
 10625.600     0.99958
 10625.700     0.99946
 10625.800     0.99942
 10625.900     0.99945
 10626.000     0.99948
 10626.100     0.99941
 10626.200     0.99917
 10626.300     0.99884
 10626.400     0.99851
 10626.500     0.99815
 10626.600     0.99762
 10626.700     0.99706
 10626.800     0.99678
 10626.900     0.99685
 10627.000     0.99670
 10627.100     0.99496
 10627.200     0.98876
 10627.300     0.97273
 10627.400     0.94183
 10627.500     0.90053
 10627.600     0.86817
 10627.700     0.86580
 10627.800     0.89471
 10627.900     0.93549
 10628.000     0.96823
 10628.100     0.98663
 10628.200     0.99456
 10628.300     0.99742
 10628.400     0.99842
 10628.500     0.99885
 10628.600     0.99908
 10628.700     0.99917
 10628.800     0.99912
 10628.900     0.99894
 10629.000     0.99874
 10629.100     0.99872
 10629.200     0.99892
 10629.300     0.99922
 10629.400     0.99948
 10629.500     0.99963
 10629.600     0.99970
 10629.700     0.99972
 10629.800     0.99973
 10629.900     0.99974
 10630.000     0.99979
 10630.100     0.99985
 10630.200     0.99990
 10630.300     0.99993
 10630.400     0.99992
 10630.500     0.99991
 10630.600     0.99988
 10630.700     0.99985
 10630.800     0.99981
 10630.900     0.99976
 10631.000     0.99965
 10631.100     0.99935
 10631.200     0.99861
 10631.300     0.99732
 10631.400     0.99586
 10631.500     0.99507
 10631.600     0.99550
 10631.700     0.99671
 10631.800     0.99767
 10631.900     0.99745
 10632.000     0.99562
 10632.100     0.99250
 10632.200     0.98939
 10632.300     0.98785
 10632.400     0.98869
 10632.500     0.99135
 10632.600     0.99419
 10632.700     0.99537
 10632.800     0.99372
 10632.900     0.98961
 10633.000     0.98536
 10633.100     0.98401
 10633.200     0.98664
 10633.300     0.99134
 10633.400     0.99551
 10633.500     0.99802
 10633.600     0.99918
 10633.700     0.99962
 10633.800     0.99976
 10633.900     0.99981
 10634.000     0.99984
 10634.100     0.99986
 10634.200     0.99988
 10634.300     0.99989
 10634.400     0.99987
 10634.500     0.99981
 10634.600     0.99969
 10634.700     0.99956
 10634.800     0.99951
 10634.900     0.99958
 10635.000     0.99972
 10635.100     0.99986
 10635.200     0.99994
 10635.300     0.99998
 10635.400     0.99999
 10635.500     0.99997
 10635.600     0.99992
 10635.700     0.99978
 10635.800     0.99948
 10635.900     0.99896
 10636.000     0.99822
 10636.100     0.99734
 10636.200     0.99609
 10636.300     0.99394
 10636.400     0.99110
 10636.500     0.98927
 10636.600     0.99002
 10636.700     0.99274
 10636.800     0.99549
 10636.900     0.99719
 10637.000     0.99801
 10637.100     0.99843
 10637.200     0.99869
 10637.300     0.99872
 10637.400     0.99848
 10637.500     0.99818
 10637.600     0.99816
 10637.700     0.99846
 10637.800     0.99872
 10637.900     0.99838
 10638.000     0.99703
 10638.100     0.99501
 10638.200     0.99358
 10638.300     0.99389
 10638.400     0.99552
 10638.500     0.99675
 10638.600     0.99596
 10638.700     0.99298
 10638.800     0.98962
 10638.900     0.98861
 10639.000     0.99092
 10639.100     0.99470
 10639.200     0.99764
 10639.300     0.99900
 10639.400     0.99920
 10639.500     0.99875
 10639.600     0.99809
 10639.700     0.99772
 10639.800     0.99796
 10639.900     0.99858
 10640.000     0.99907
 10640.100     0.99922
 10640.200     0.99908
 10640.300     0.99875
 10640.400     0.99803
 10640.500     0.99676
 10640.600     0.99530
 10640.700     0.99458
 10640.800     0.99510
 10640.900     0.99641
 10641.000     0.99774
 10641.100     0.99872
 10641.200     0.99928
 10641.300     0.99939
 10641.400     0.99890
 10641.500     0.99751
 10641.600     0.99506
 10641.700     0.99215
 10641.800     0.99017
 10641.900     0.99006
 10642.000     0.99145
 10642.100     0.99339
 10642.200     0.99520
 10642.300     0.99608
 10642.400     0.99511
 10642.500     0.99233
 10642.600     0.98966
 10642.700     0.98950
 10642.800     0.99215
 10642.900     0.99562
 10643.000     0.99803
 10643.100     0.99907
 10643.200     0.99936
 10643.300     0.99948
 10643.400     0.99962
 10643.500     0.99977
 10643.600     0.99986
 10643.700     0.99989
 10643.800     0.99989
 10643.900     0.99989
 10644.000     0.99991
 10644.100     0.99993
 10644.200     0.99996
 10644.300     0.99998
 10644.400     0.99999
 10644.500     0.99999
 10644.600     0.99998
 10644.700     0.99995
 10644.800     0.99992
 10644.900     0.99991
 10645.000     0.99992
 10645.100     0.99993
 10645.200     0.99990
 10645.300     0.99975
 10645.400     0.99939
 10645.500     0.99876
 10645.600     0.99811
 10645.700     0.99787
 10645.800     0.99818
 10645.900     0.99855
 10646.000     0.99796
 10646.100     0.99523
 10646.200     0.98980
 10646.300     0.98339
 10646.400     0.97996
 10646.500     0.98213
 10646.600     0.98823
 10646.700     0.99424
 10646.800     0.99783
 10646.900     0.99925
 10647.000     0.99951
 10647.100     0.99878
 10647.200     0.99573
 10647.300     0.98668
 10647.400     0.96724
 10647.500     0.93999
 10647.600     0.91983
 10647.700     0.92238
 10647.800     0.94503
 10647.900     0.96958
 10648.000     0.98278
 10648.100     0.98568
 10648.200     0.98592
 10648.300     0.98799
 10648.400     0.99095
 10648.500     0.99229
 10648.600     0.99168
 10648.700     0.99101
 10648.800     0.99173
 10648.900     0.99346
 10649.000     0.99469
 10649.100     0.99415
 10649.200     0.99184
 10649.300     0.98940
 10649.400     0.98902
 10649.500     0.99133
 10649.600     0.99480
 10649.700     0.99754
 10649.800     0.99892
 10649.900     0.99923
 10650.000     0.99870
 10650.100     0.99734
 10650.200     0.99552
 10650.300     0.99433
 10650.400     0.99467
 10650.500     0.99618
 10650.600     0.99769
 10650.700     0.99848
 10650.800     0.99868
 10650.900     0.99878
 10651.000     0.99902
 10651.100     0.99934
 10651.200     0.99957
 10651.300     0.99964
 10651.400     0.99947
 10651.500     0.99885
 10651.600     0.99766
 10651.700     0.99630
 10651.800     0.99568
 10651.900     0.99624
 10652.000     0.99737
 10652.100     0.99821
 10652.200     0.99851
 10652.300     0.99857
 10652.400     0.99856
 10652.500     0.99845
 10652.600     0.99836
 10652.700     0.99843
 10652.800     0.99870
 10652.900     0.99903
 10653.000     0.99928
 10653.100     0.99940
 10653.200     0.99946
 10653.300     0.99955
 10653.400     0.99970
 10653.500     0.99985
 10653.600     0.99994
 10653.700     0.99998
 10653.800     0.99997
 10653.900     0.99991
 10654.000     0.99975
 10654.100     0.99951
 10654.200     0.99928
 10654.300     0.99920
 10654.400     0.99925
 10654.500     0.99929
 10654.600     0.99920
 10654.700     0.99894
 10654.800     0.99849
 10654.900     0.99763
 10655.000     0.99634
 10655.100     0.99530
 10655.200     0.99538
 10655.300     0.99656
 10655.400     0.99788
 10655.500     0.99862
 10655.600     0.99885
 10655.700     0.99890
 10655.800     0.99864
 10655.900     0.99728
 10656.000     0.99406
 10656.100     0.98972
 10656.200     0.98695
 10656.300     0.98800
 10656.400     0.99199
 10656.500     0.99603
 10656.600     0.99830
 10656.700     0.99886
 10656.800     0.99860
 10656.900     0.99831
 10657.000     0.99844
 10657.100     0.99880
 10657.200     0.99903
 10657.300     0.99904
 10657.400     0.99907
 10657.500     0.99928
 10657.600     0.99959
 10657.700     0.99983
 10657.800     0.99994
 10657.900     0.99998
 10658.000     0.99997
 10658.100     0.99984
 10658.200     0.99939
 10658.300     0.99830
 10658.400     0.99650
 10658.500     0.99454
 10658.600     0.99326
 10658.700     0.99281
 10658.800     0.99257
 10658.900     0.99195
 10659.000     0.99093
 10659.100     0.98990
 10659.200     0.98913
 10659.300     0.98842
 10659.400     0.98745
 10659.500     0.98601
 10659.600     0.98407
 10659.700     0.98154
 10659.800     0.97813
 10659.900     0.97329
 10660.000     0.96627
 10660.100     0.95683
 10660.200     0.94545
 10660.300     0.93187
 10660.400     0.91291
 10660.500     0.88204
 10660.600     0.83147
 10660.700     0.75848
 10660.800     0.67520
 10660.900     0.61119
 10661.000     0.59694
 10661.100     0.63851
 10661.200     0.70870
 10661.300     0.76430
 10661.400     0.77606
 10661.500     0.75227
 10661.600     0.73581
 10661.700     0.76474
 10661.800     0.83307
 10661.900     0.90301
 10662.000     0.94821
 10662.100     0.96929
 10662.200     0.97781
 10662.300     0.98184
 10662.400     0.98452
 10662.500     0.98666
 10662.600     0.98836
 10662.700     0.98964
 10662.800     0.99046
 10662.900     0.99048
 10663.000     0.98920
 10663.100     0.98665
 10663.200     0.98418
 10663.300     0.98370
 10663.400     0.98593
 10663.500     0.98984
 10663.600     0.99387
 10663.700     0.99693
 10663.800     0.99870
 10663.900     0.99949
 10664.000     0.99975
 10664.100     0.99978
 10664.200     0.99969
 10664.300     0.99957
 10664.400     0.99952
 10664.500     0.99958
 10664.600     0.99970
 10664.700     0.99973
 10664.800     0.99965
 10664.900     0.99954
 10665.000     0.99953
 10665.100     0.99962
 10665.200     0.99975
 10665.300     0.99984
 10665.400     0.99984
 10665.500     0.99975
 10665.600     0.99951
 10665.700     0.99913
 10665.800     0.99881
 10665.900     0.99877
 10666.000     0.99899
 10666.100     0.99922
 10666.200     0.99908
 10666.300     0.99816
 10666.400     0.99611
 10666.500     0.99305
 10666.600     0.98997
 10666.700     0.98846
 10666.800     0.98942
 10666.900     0.99179
 10667.000     0.99232
 10667.100     0.98630
 10667.200     0.96847
 10667.300     0.93769
 10667.400     0.90459
 10667.500     0.88978
 10667.600     0.90521
 10667.700     0.93974
 10667.800     0.97162
 10667.900     0.98978
 10668.000     0.99678
 10668.100     0.99874
 10668.200     0.99910
 10668.300     0.99888
 10668.400     0.99780
 10668.500     0.99509
 10668.600     0.99069
 10668.700     0.98640
 10668.800     0.98521
 10668.900     0.98806
 10669.000     0.99275
 10669.100     0.99653
 10669.200     0.99853
 10669.300     0.99934
 10669.400     0.99964
 10669.500     0.99976
 10669.600     0.99984
 10669.700     0.99988
 10669.800     0.99989
 10669.900     0.99990
 10670.000     0.99989
 10670.100     0.99988
 10670.200     0.99985
 10670.300     0.99981
 10670.400     0.99972
 10670.500     0.99947
 10670.600     0.99875
 10670.700     0.99692
 10670.800     0.99346
 10670.900     0.98919
 10671.000     0.98654
 10671.100     0.98735
 10671.200     0.99068
 10671.300     0.99409
 10671.400     0.99628
 10671.500     0.99725
 10671.600     0.99635
 10671.700     0.99089
 10671.800     0.97563
 10671.900     0.94575
 10672.000     0.90670
 10672.100     0.87983
 10672.200     0.88601
 10672.300     0.92103
 10672.400     0.96009
 10672.500     0.98510
 10672.600     0.99563
 10672.700     0.99877
 10672.800     0.99943
 10672.900     0.99950
 10673.000     0.99952
 10673.100     0.99952
 10673.200     0.99945
 10673.300     0.99919
 10673.400     0.99848
 10673.500     0.99699
 10673.600     0.99433
 10673.700     0.98959
 10673.800     0.98094
 10673.900     0.96809
 10674.000     0.95625
 10674.100     0.95354
 10674.200     0.96154
 10674.300     0.97302
 10674.400     0.98108
 10674.500     0.98572
 10674.600     0.98985
 10674.700     0.99408
 10674.800     0.99723
 10674.900     0.99885
 10675.000     0.99943
 10675.100     0.99959
 10675.200     0.99962
 10675.300     0.99957
 10675.400     0.99939
 10675.500     0.99905
 10675.600     0.99867
 10675.700     0.99850
 10675.800     0.99867
 10675.900     0.99903
 10676.000     0.99938
 10676.100     0.99961
 10676.200     0.99972
 10676.300     0.99976
 10676.400     0.99972
 10676.500     0.99909
 10676.600     0.99611
 10676.700     0.98627
 10676.800     0.96368
 10676.900     0.93038
 10677.000     0.90397
 10677.100     0.90487
 10677.200     0.93230
 10677.300     0.96535
 10677.400     0.98717
 10677.500     0.99647
 10677.600     0.99923
 10677.700     0.99981
 10677.800     0.99985
 10677.900     0.99984
 10678.000     0.99981
 10678.100     0.99980
 10678.200     0.99984
 10678.300     0.99990
 10678.400     0.99996
 10678.500     0.99999
 10678.600     1.00000
 10678.700     0.99999
 10678.800     0.99997
 10678.900     0.99993
 10679.000     0.99984
 10679.100     0.99969
 10679.200     0.99948
 10679.300     0.99932
 10679.400     0.99931
 10679.500     0.99946
 10679.600     1.00000
 10679.700     1.00000
 10679.800     1.00000
 10679.900     1.00000
 10680.000     1.00000
