the number of points per synthesis =   2001
start =  10280.000     stop =  10480.000     step =      0.100
 10280.000     1.00000
 10280.100     1.00000
 10280.200     1.00000
 10280.300     1.00000
 10280.400     1.00000
 10280.500     0.99970
 10280.600     0.99991
 10280.700     0.99997
 10280.800     0.99996
 10280.900     0.99990
 10281.000     0.99980
 10281.100     0.99971
 10281.200     0.99969
 10281.300     0.99967
 10281.400     0.99940
 10281.500     0.99837
 10281.600     0.99605
 10281.700     0.99268
 10281.800     0.98960
 10281.900     0.98791
 10282.000     0.98729
 10282.100     0.98742
 10282.200     0.98903
 10282.300     0.99231
 10282.400     0.99578
 10282.500     0.99789
 10282.600     0.99855
 10282.700     0.99844
 10282.800     0.99821
 10282.900     0.99818
 10283.000     0.99846
 10283.100     0.99889
 10283.200     0.99921
 10283.300     0.99912
 10283.400     0.99807
 10283.500     0.99508
 10283.600     0.98981
 10283.700     0.98447
 10283.800     0.98295
 10283.900     0.98644
 10284.000     0.99165
 10284.100     0.99449
 10284.200     0.99336
 10284.300     0.98890
 10284.400     0.98339
 10284.500     0.98022
 10284.600     0.98179
 10284.700     0.98721
 10284.800     0.99313
 10284.900     0.99708
 10285.000     0.99890
 10285.100     0.99953
 10285.200     0.99972
 10285.300     0.99978
 10285.400     0.99981
 10285.500     0.99985
 10285.600     0.99988
 10285.700     0.99989
 10285.800     0.99989
 10285.900     0.99988
 10286.000     0.99987
 10286.100     0.99985
 10286.200     0.99983
 10286.300     0.99978
 10286.400     0.99967
 10286.500     0.99952
 10286.600     0.99938
 10286.700     0.99934
 10286.800     0.99938
 10286.900     0.99944
 10287.000     0.99946
 10287.100     0.99941
 10287.200     0.99926
 10287.300     0.99899
 10287.400     0.99865
 10287.500     0.99832
 10287.600     0.99783
 10287.700     0.99679
 10287.800     0.99511
 10287.900     0.99354
 10288.000     0.99287
 10288.100     0.99256
 10288.200     0.99035
 10288.300     0.98400
 10288.400     0.97342
 10288.500     0.95935
 10288.600     0.93733
 10288.700     0.89842
 10288.800     0.84563
 10288.900     0.80518
 10289.000     0.80540
 10289.100     0.84488
 10289.200     0.89624
 10289.300     0.93753
 10289.400     0.96491
 10289.500     0.98183
 10289.600     0.99101
 10289.700     0.99487
 10289.800     0.99582
 10289.900     0.99536
 10290.000     0.99392
 10290.100     0.99051
 10290.200     0.98231
 10290.300     0.96809
 10290.400     0.95369
 10290.500     0.94978
 10290.600     0.96011
 10290.700     0.97669
 10290.800     0.98964
 10290.900     0.99608
 10291.000     0.99825
 10291.100     0.99860
 10291.200     0.99835
 10291.300     0.99815
 10291.400     0.99829
 10291.500     0.99866
 10291.600     0.99894
 10291.700     0.99908
 10291.800     0.99923
 10291.900     0.99946
 10292.000     0.99969
 10292.100     0.99983
 10292.200     0.99988
 10292.300     0.99990
 10292.400     0.99990
 10292.500     0.99989
 10292.600     0.99986
 10292.700     0.99980
 10292.800     0.99971
 10292.900     0.99958
 10293.000     0.99941
 10293.100     0.99924
 10293.200     0.99920
 10293.300     0.99933
 10293.400     0.99956
 10293.500     0.99975
 10293.600     0.99985
 10293.700     0.99990
 10293.800     0.99992
 10293.900     0.99990
 10294.000     0.99985
 10294.100     0.99979
 10294.200     0.99977
 10294.300     0.99974
 10294.400     0.99967
 10294.500     0.99952
 10294.600     0.99922
 10294.700     0.99844
 10294.800     0.99683
 10294.900     0.99458
 10295.000     0.99265
 10295.100     0.99171
 10295.200     0.99130
 10295.300     0.99103
 10295.400     0.99153
 10295.500     0.99331
 10295.600     0.99573
 10295.700     0.99773
 10295.800     0.99890
 10295.900     0.99939
 10296.000     0.99950
 10296.100     0.99938
 10296.200     0.99906
 10296.300     0.99817
 10296.400     0.99610
 10296.500     0.99282
 10296.600     0.98952
 10296.700     0.98684
 10296.800     0.98267
 10296.900     0.97457
 10297.000     0.96542
 10297.100     0.96260
 10297.200     0.96937
 10297.300     0.98076
 10297.400     0.98967
 10297.500     0.99348
 10297.600     0.99397
 10297.700     0.99405
 10297.800     0.99509
 10297.900     0.99614
 10298.000     0.99494
 10298.100     0.98945
 10298.200     0.98000
 10298.300     0.97096
 10298.400     0.96721
 10298.500     0.96795
 10298.600     0.96885
 10298.700     0.96999
 10298.800     0.97467
 10298.900     0.98168
 10299.000     0.98547
 10299.100     0.98327
 10299.200     0.97820
 10299.300     0.97615
 10299.400     0.97992
 10299.500     0.98702
 10299.600     0.99321
 10299.700     0.99663
 10299.800     0.99794
 10299.900     0.99840
 10300.000     0.99875
 10300.100     0.99911
 10300.200     0.99936
 10300.300     0.99949
 10300.400     0.99958
 10300.500     0.99966
 10300.600     0.99970
 10300.700     0.99965
 10300.800     0.99943
 10300.900     0.99891
 10301.000     0.99785
 10301.100     0.99604
 10301.200     0.99358
 10301.300     0.99147
 10301.400     0.99122
 10301.500     0.99318
 10301.600     0.99597
 10301.700     0.99805
 10301.800     0.99904
 10301.900     0.99929
 10302.000     0.99905
 10302.100     0.99769
 10302.200     0.99273
 10302.300     0.97873
 10302.400     0.95126
 10302.500     0.91756
 10302.600     0.89895
 10302.700     0.91046
 10302.800     0.94181
 10302.900     0.97022
 10303.000     0.98472
 10303.100     0.98938
 10303.200     0.99154
 10303.300     0.99422
 10303.400     0.99691
 10303.500     0.99860
 10303.600     0.99926
 10303.700     0.99943
 10303.800     0.99950
 10303.900     0.99958
 10304.000     0.99967
 10304.100     0.99972
 10304.200     0.99970
 10304.300     0.99955
 10304.400     0.99926
 10304.500     0.99891
 10304.600     0.99870
 10304.700     0.99876
 10304.800     0.99901
 10304.900     0.99928
 10305.000     0.99941
 10305.100     0.99936
 10305.200     0.99917
 10305.300     0.99878
 10305.400     0.99791
 10305.500     0.99600
 10305.600     0.99296
 10305.700     0.99025
 10305.800     0.98993
 10305.900     0.99223
 10306.000     0.99503
 10306.100     0.99641
 10306.200     0.99654
 10306.300     0.99671
 10306.400     0.99753
 10306.500     0.99858
 10306.600     0.99929
 10306.700     0.99957
 10306.800     0.99962
 10306.900     0.99934
 10307.000     0.99785
 10307.100     0.99280
 10307.200     0.98080
 10307.300     0.96231
 10307.400     0.94667
 10307.500     0.94583
 10307.600     0.95958
 10307.700     0.97489
 10307.800     0.98169
 10307.900     0.98192
 10308.000     0.98288
 10308.100     0.98752
 10308.200     0.99307
 10308.300     0.99623
 10308.400     0.99629
 10308.500     0.99473
 10308.600     0.99366
 10308.700     0.99427
 10308.800     0.99592
 10308.900     0.99733
 10309.000     0.99810
 10309.100     0.99862
 10309.200     0.99915
 10309.300     0.99958
 10309.400     0.99980
 10309.500     0.99987
 10309.600     0.99982
 10309.700     0.99960
 10309.800     0.99899
 10309.900     0.99782
 10310.000     0.99644
 10310.100     0.99576
 10310.200     0.99624
 10310.300     0.99717
 10310.400     0.99727
 10310.500     0.99594
 10310.600     0.99401
 10310.700     0.99319
 10310.800     0.99436
 10310.900     0.99658
 10311.000     0.99838
 10311.100     0.99922
 10311.200     0.99937
 10311.300     0.99918
 10311.400     0.99885
 10311.500     0.99847
 10311.600     0.99810
 10311.700     0.99779
 10311.800     0.99765
 10311.900     0.99753
 10312.000     0.99683
 10312.100     0.99431
 10312.200     0.98791
 10312.300     0.97607
 10312.400     0.96130
 10312.500     0.95147
 10312.600     0.95334
 10312.700     0.96435
 10312.800     0.97443
 10312.900     0.97487
 10313.000     0.96436
 10313.100     0.95018
 10313.200     0.94407
 10313.300     0.95202
 10313.400     0.96851
 10313.500     0.98364
 10313.600     0.99264
 10313.700     0.99659
 10313.800     0.99802
 10313.900     0.99845
 10314.000     0.99846
 10314.100     0.99825
 10314.200     0.99799
 10314.300     0.99784
 10314.400     0.99765
 10314.500     0.99709
 10314.600     0.99631
 10314.700     0.99606
 10314.800     0.99680
 10314.900     0.99802
 10315.000     0.99896
 10315.100     0.99934
 10315.200     0.99930
 10315.300     0.99911
 10315.400     0.99892
 10315.500     0.99878
 10315.600     0.99864
 10315.700     0.99861
 10315.800     0.99876
 10315.900     0.99897
 10316.000     0.99910
 10316.100     0.99921
 10316.200     0.99939
 10316.300     0.99957
 10316.400     0.99960
 10316.500     0.99941
 10316.600     0.99908
 10316.700     0.99854
 10316.800     0.99711
 10316.900     0.99361
 10317.000     0.98806
 10317.100     0.98347
 10317.200     0.98355
 10317.300     0.98830
 10317.400     0.99402
 10317.500     0.99763
 10317.600     0.99856
 10317.700     0.99685
 10317.800     0.99196
 10317.900     0.98474
 10318.000     0.97926
 10318.100     0.97981
 10318.200     0.98550
 10318.300     0.99108
 10318.400     0.99291
 10318.500     0.99194
 10318.600     0.99134
 10318.700     0.99281
 10318.800     0.99544
 10318.900     0.99761
 10319.000     0.99862
 10319.100     0.99853
 10319.200     0.99738
 10319.300     0.99545
 10319.400     0.99387
 10319.500     0.99395
 10319.600     0.99563
 10319.700     0.99755
 10319.800     0.99869
 10319.900     0.99904
 10320.000     0.99909
 10320.100     0.99914
 10320.200     0.99924
 10320.300     0.99937
 10320.400     0.99935
 10320.500     0.99873
 10320.600     0.99672
 10320.700     0.99267
 10320.800     0.98703
 10320.900     0.98175
 10321.000     0.97942
 10321.100     0.98148
 10321.200     0.98639
 10321.300     0.99078
 10321.400     0.99296
 10321.500     0.99412
 10321.600     0.99570
 10321.700     0.99756
 10321.800     0.99888
 10321.900     0.99948
 10322.000     0.99968
 10322.100     0.99976
 10322.200     0.99982
 10322.300     0.99987
 10322.400     0.99989
 10322.500     0.99988
 10322.600     0.99983
 10322.700     0.99970
 10322.800     0.99940
 10322.900     0.99865
 10323.000     0.99651
 10323.100     0.99147
 10323.200     0.98357
 10323.300     0.97661
 10323.400     0.97533
 10323.500     0.97981
 10323.600     0.98590
 10323.700     0.99071
 10323.800     0.99421
 10323.900     0.99685
 10324.000     0.99856
 10324.100     0.99942
 10324.200     0.99977
 10324.300     0.99989
 10324.400     0.99993
 10324.500     0.99991
 10324.600     0.99977
 10324.700     0.99937
 10324.800     0.99848
 10324.900     0.99695
 10325.000     0.99508
 10325.100     0.99378
 10325.200     0.99374
 10325.300     0.99459
 10325.400     0.99488
 10325.500     0.99269
 10325.600     0.98702
 10325.700     0.98014
 10325.800     0.97717
 10325.900     0.98072
 10326.000     0.98768
 10326.100     0.99317
 10326.200     0.99529
 10326.300     0.99495
 10326.400     0.99379
 10326.500     0.99297
 10326.600     0.99249
 10326.700     0.99066
 10326.800     0.98352
 10326.900     0.96195
 10327.000     0.91137
 10327.100     0.82557
 10327.200     0.73104
 10327.300     0.68305
 10327.400     0.71641
 10327.500     0.80678
 10327.600     0.89770
 10327.700     0.95512
 10327.800     0.98115
 10327.900     0.99078
 10328.000     0.99432
 10328.100     0.99585
 10328.200     0.99663
 10328.300     0.99700
 10328.400     0.99718
 10328.500     0.99736
 10328.600     0.99759
 10328.700     0.99781
 10328.800     0.99800
 10328.900     0.99820
 10329.000     0.99843
 10329.100     0.99865
 10329.200     0.99879
 10329.300     0.99867
 10329.400     0.99798
 10329.500     0.99629
 10329.600     0.99333
 10329.700     0.98898
 10329.800     0.98227
 10329.900     0.96897
 10330.000     0.94327
 10330.100     0.90859
 10330.200     0.88541
 10330.300     0.89381
 10330.400     0.92810
 10330.500     0.96380
 10330.600     0.98523
 10330.700     0.99324
 10330.800     0.99324
 10330.900     0.98648
 10331.000     0.97149
 10331.100     0.95041
 10331.200     0.93255
 10331.300     0.92774
 10331.400     0.93609
 10331.500     0.94993
 10331.600     0.96410
 10331.700     0.97738
 10331.800     0.98764
 10331.900     0.99151
 10332.000     0.98553
 10332.100     0.96701
 10332.200     0.94046
 10332.300     0.92213
 10332.400     0.92656
 10332.500     0.94881
 10332.600     0.97160
 10332.700     0.98519
 10332.800     0.99058
 10332.900     0.99048
 10333.000     0.98588
 10333.100     0.97931
 10333.200     0.97584
 10333.300     0.97868
 10333.400     0.98579
 10333.500     0.99272
 10333.600     0.99703
 10333.700     0.99888
 10333.800     0.99936
 10333.900     0.99927
 10334.000     0.99907
 10334.100     0.99896
 10334.200     0.99891
 10334.300     0.99881
 10334.400     0.99862
 10334.500     0.99846
 10334.600     0.99855
 10334.700     0.99894
 10334.800     0.99940
 10334.900     0.99971
 10335.000     0.99983
 10335.100     0.99980
 10335.200     0.99959
 10335.300     0.99917
 10335.400     0.99863
 10335.500     0.99828
 10335.600     0.99820
 10335.700     0.99800
 10335.800     0.99705
 10335.900     0.99523
 10336.000     0.99265
 10336.100     0.98888
 10336.200     0.98407
 10336.300     0.98082
 10336.400     0.98229
 10336.500     0.98788
 10336.600     0.99379
 10336.700     0.99735
 10336.800     0.99839
 10336.900     0.99721
 10337.000     0.99352
 10337.100     0.98806
 10337.200     0.98407
 10337.300     0.98480
 10337.400     0.98958
 10337.500     0.99467
 10337.600     0.99732
 10337.700     0.99702
 10337.800     0.99416
 10337.900     0.98997
 10338.000     0.98716
 10338.100     0.98799
 10338.200     0.99173
 10338.300     0.99561
 10338.400     0.99796
 10338.500     0.99893
 10338.600     0.99928
 10338.700     0.99939
 10338.800     0.99933
 10338.900     0.99920
 10339.000     0.99909
 10339.100     0.99895
 10339.200     0.99853
 10339.300     0.99766
 10339.400     0.99665
 10339.500     0.99617
 10339.600     0.99659
 10339.700     0.99752
 10339.800     0.99805
 10339.900     0.99744
 10340.000     0.99562
 10340.100     0.99354
 10340.200     0.99262
 10340.300     0.99247
 10340.400     0.98887
 10340.500     0.97144
 10340.600     0.92507
 10340.700     0.84632
 10340.800     0.76703
 10340.900     0.74088
 10341.000     0.78827
 10341.100     0.87253
 10341.200     0.94285
 10341.300     0.97982
 10341.400     0.99300
 10341.500     0.99632
 10341.600     0.99698
 10341.700     0.99712
 10341.800     0.99710
 10341.900     0.99686
 10342.000     0.99644
 10342.100     0.99601
 10342.200     0.99577
 10342.300     0.99566
 10342.400     0.99547
 10342.500     0.99501
 10342.600     0.99426
 10342.700     0.99322
 10342.800     0.99182
 10342.900     0.98987
 10343.000     0.98699
 10343.100     0.98240
 10343.200     0.97416
 10343.300     0.95739
 10343.400     0.92180
 10343.500     0.85427
 10343.600     0.75399
 10343.700     0.65067
 10343.800     0.59554
 10343.900     0.62075
 10344.000     0.71019
 10344.100     0.81557
 10344.200     0.89716
 10344.300     0.94492
 10344.400     0.96834
 10344.500     0.97916
 10344.600     0.98422
 10344.700     0.98667
 10344.800     0.98819
 10344.900     0.98985
 10345.000     0.99181
 10345.100     0.99349
 10345.200     0.99434
 10345.300     0.99402
 10345.400     0.99239
 10345.500     0.99001
 10345.600     0.98853
 10345.700     0.98920
 10345.800     0.99144
 10345.900     0.99356
 10346.000     0.99420
 10346.100     0.99230
 10346.200     0.98790
 10346.300     0.98364
 10346.400     0.98334
 10346.500     0.98767
 10346.600     0.99338
 10346.700     0.99729
 10346.800     0.99886
 10346.900     0.99881
 10347.000     0.99724
 10347.100     0.99330
 10347.200     0.98677
 10347.300     0.98028
 10347.400     0.97774
 10347.500     0.97828
 10347.600     0.97254
 10347.700     0.94816
 10347.800     0.90450
 10347.900     0.86414
 10348.000     0.85809
 10348.100     0.89181
 10348.200     0.93926
 10348.300     0.97411
 10348.400     0.99076
 10348.500     0.99636
 10348.600     0.99760
 10348.700     0.99744
 10348.800     0.99700
 10348.900     0.99682
 10349.000     0.99691
 10349.100     0.99648
 10349.200     0.99465
 10349.300     0.99184
 10349.400     0.99004
 10349.500     0.99088
 10349.600     0.99372
 10349.700     0.99653
 10349.800     0.99794
 10349.900     0.99785
 10350.000     0.99691
 10350.100     0.99604
 10350.200     0.99593
 10350.300     0.99620
 10350.400     0.99531
 10350.500     0.99136
 10350.600     0.98419
 10350.700     0.97729
 10350.800     0.97586
 10350.900     0.98122
 10351.000     0.98916
 10351.100     0.99513
 10351.200     0.99805
 10351.300     0.99907
 10351.400     0.99931
 10351.500     0.99935
 10351.600     0.99942
 10351.700     0.99956
 10351.800     0.99969
 10351.900     0.99975
 10352.000     0.99973
 10352.100     0.99956
 10352.200     0.99909
 10352.300     0.99815
 10352.400     0.99696
 10352.500     0.99617
 10352.600     0.99632
 10352.700     0.99719
 10352.800     0.99811
 10352.900     0.99857
 10353.000     0.99853
 10353.100     0.99821
 10353.200     0.99774
 10353.300     0.99627
 10353.400     0.99088
 10353.500     0.97579
 10353.600     0.94712
 10353.700     0.91340
 10353.800     0.89641
 10353.900     0.90993
 10354.000     0.94236
 10354.100     0.97051
 10354.200     0.98251
 10354.300     0.98121
 10354.400     0.97574
 10354.500     0.97421
 10354.600     0.97875
 10354.700     0.98483
 10354.800     0.98664
 10354.900     0.98320
 10355.000     0.97932
 10355.100     0.98036
 10355.200     0.98639
 10355.300     0.99311
 10355.400     0.99735
 10355.500     0.99912
 10355.600     0.99965
 10355.700     0.99976
 10355.800     0.99979
 10355.900     0.99982
 10356.000     0.99984
 10356.100     0.99981
 10356.200     0.99960
 10356.300     0.99896
 10356.400     0.99755
 10356.500     0.99481
 10356.600     0.98993
 10356.700     0.98317
 10356.800     0.97779
 10356.900     0.97814
 10357.000     0.98435
 10357.100     0.99185
 10357.200     0.99666
 10357.300     0.99833
 10357.400     0.99822
 10357.500     0.99773
 10357.600     0.99772
 10357.700     0.99830
 10357.800     0.99892
 10357.900     0.99897
 10358.000     0.99801
 10358.100     0.99589
 10358.200     0.99324
 10358.300     0.99130
 10358.400     0.99066
 10358.500     0.99082
 10358.600     0.99162
 10358.700     0.99339
 10358.800     0.99578
 10358.900     0.99774
 10359.000     0.99866
 10359.100     0.99878
 10359.200     0.99866
 10359.300     0.99867
 10359.400     0.99887
 10359.500     0.99913
 10359.600     0.99935
 10359.700     0.99952
 10359.800     0.99958
 10359.900     0.99948
 10360.000     0.99912
 10360.100     0.99831
 10360.200     0.99630
 10360.300     0.99143
 10360.400     0.98293
 10360.500     0.97416
 10360.600     0.97149
 10360.700     0.97701
 10360.800     0.98561
 10360.900     0.99162
 10361.000     0.99436
 10361.100     0.99592
 10361.200     0.99740
 10361.300     0.99860
 10361.400     0.99931
 10361.500     0.99962
 10361.600     0.99974
 10361.700     0.99975
 10361.800     0.99973
 10361.900     0.99969
 10362.000     0.99965
 10362.100     0.99956
 10362.200     0.99905
 10362.300     0.99707
 10362.400     0.99139
 10362.500     0.98027
 10362.600     0.96672
 10362.700     0.95942
 10362.800     0.96436
 10362.900     0.97736
 10363.000     0.98941
 10363.100     0.99614
 10363.200     0.99864
 10363.300     0.99926
 10363.400     0.99929
 10363.500     0.99887
 10363.600     0.99700
 10363.700     0.99064
 10363.800     0.97525
 10363.900     0.95079
 10364.000     0.92893
 10364.100     0.92607
 10364.200     0.94447
 10364.300     0.96928
 10364.400     0.98634
 10364.500     0.99277
 10364.600     0.99087
 10364.700     0.98169
 10364.800     0.96745
 10364.900     0.95534
 10365.000     0.95365
 10365.100     0.96367
 10365.200     0.97841
 10365.300     0.99012
 10365.400     0.99616
 10365.500     0.99809
 10365.600     0.99829
 10365.700     0.99824
 10365.800     0.99842
 10365.900     0.99856
 10366.000     0.99832
 10366.100     0.99791
 10366.200     0.99785
 10366.300     0.99832
 10366.400     0.99899
 10366.500     0.99946
 10366.600     0.99952
 10366.700     0.99881
 10366.800     0.99649
 10366.900     0.99198
 10367.000     0.98677
 10367.100     0.98443
 10367.200     0.98693
 10367.300     0.99216
 10367.400     0.99661
 10367.500     0.99892
 10367.600     0.99973
 10367.700     0.99994
 10367.800     0.99994
 10367.900     0.99988
 10368.000     0.99981
 10368.100     0.99979
 10368.200     0.99984
 10368.300     0.99990
 10368.400     0.99993
 10368.500     0.99983
 10368.600     0.99952
 10368.700     0.99894
 10368.800     0.99810
 10368.900     0.99692
 10369.000     0.99515
 10369.100     0.99303
 10369.200     0.99170
 10369.300     0.99206
 10369.400     0.99363
 10369.500     0.99511
 10369.600     0.99577
 10369.700     0.99569
 10369.800     0.99509
 10369.900     0.99386
 10370.000     0.99170
 10370.100     0.98866
 10370.200     0.98563
 10370.300     0.98359
 10370.400     0.98210
 10370.500     0.97917
 10370.600     0.97223
 10370.700     0.95818
 10370.800     0.93229
 10370.900     0.88746
 10371.000     0.81899
 10371.100     0.73731
 10371.200     0.67474
 10371.300     0.66607
 10371.400     0.71594
 10371.500     0.79356
 10371.600     0.86306
 10371.700     0.91098
 10371.800     0.94232
 10371.900     0.96332
 10372.000     0.97649
 10372.100     0.98383
 10372.200     0.98784
 10372.300     0.99023
 10372.400     0.99179
 10372.500     0.99284
 10372.600     0.99355
 10372.700     0.99412
 10372.800     0.99473
 10372.900     0.99545
 10373.000     0.99617
 10373.100     0.99679
 10373.200     0.99724
 10373.300     0.99755
 10373.400     0.99775
 10373.500     0.99784
 10373.600     0.99785
 10373.700     0.99795
 10373.800     0.99829
 10373.900     0.99886
 10374.000     0.99939
 10374.100     0.99972
 10374.200     0.99984
 10374.300     0.99987
 10374.400     0.99988
 10374.500     0.99990
 10374.600     0.99993
 10374.700     0.99994
 10374.800     0.99994
 10374.900     0.99992
 10375.000     0.99990
 10375.100     0.99989
 10375.200     0.99990
 10375.300     0.99989
 10375.400     0.99981
 10375.500     0.99962
 10375.600     0.99936
 10375.700     0.99895
 10375.800     0.99787
 10375.900     0.99502
 10376.000     0.99010
 10376.100     0.98534
 10376.200     0.98436
 10376.300     0.98807
 10376.400     0.99346
 10376.500     0.99737
 10376.600     0.99913
 10376.700     0.99964
 10376.800     0.99954
 10376.900     0.99871
 10377.000     0.99617
 10377.100     0.99100
 10377.200     0.98448
 10377.300     0.98075
 10377.400     0.98285
 10377.500     0.98887
 10377.600     0.99436
 10377.700     0.99700
 10377.800     0.99720
 10377.900     0.99632
 10378.000     0.99528
 10378.100     0.99317
 10378.200     0.98529
 10378.300     0.96286
 10378.400     0.92054
 10378.500     0.87048
 10378.600     0.83962
 10378.700     0.83827
 10378.800     0.84474
 10378.900     0.84114
 10379.000     0.84415
 10379.100     0.87564
 10379.200     0.92541
 10379.300     0.96648
 10379.400     0.98720
 10379.500     0.99296
 10379.600     0.99227
 10379.700     0.99074
 10379.800     0.99124
 10379.900     0.99376
 10380.000     0.99657
 10380.100     0.99842
 10380.200     0.99928
 10380.300     0.99960
 10380.400     0.99970
 10380.500     0.99972
 10380.600     0.99970
 10380.700     0.99965
 10380.800     0.99962
 10380.900     0.99963
 10381.000     0.99969
 10381.100     0.99978
 10381.200     0.99987
 10381.300     0.99994
 10381.400     0.99998
 10381.500     0.99999
 10381.600     0.99999
 10381.700     0.99997
 10381.800     0.99981
 10381.900     0.99916
 10382.000     0.99718
 10382.100     0.99307
 10382.200     0.98773
 10382.300     0.98432
 10382.400     0.98519
 10382.500     0.98916
 10382.600     0.99334
 10382.700     0.99629
 10382.800     0.99805
 10382.900     0.99902
 10383.000     0.99948
 10383.100     0.99966
 10383.200     0.99971
 10383.300     0.99966
 10383.400     0.99947
 10383.500     0.99910
 10383.600     0.99871
 10383.700     0.99853
 10383.800     0.99866
 10383.900     0.99887
 10384.000     0.99880
 10384.100     0.99792
 10384.200     0.99541
 10384.300     0.99037
 10384.400     0.98297
 10384.500     0.97518
 10384.600     0.96907
 10384.700     0.96404
 10384.800     0.95880
 10384.900     0.95654
 10385.000     0.96227
 10385.100     0.97474
 10385.200     0.98714
 10385.300     0.99484
 10385.400     0.99817
 10385.500     0.99929
 10385.600     0.99962
 10385.700     0.99973
 10385.800     0.99979
 10385.900     0.99980
 10386.000     0.99976
 10386.100     0.99966
 10386.200     0.99952
 10386.300     0.99947
 10386.400     0.99955
 10386.500     0.99970
 10386.600     0.99981
 10386.700     0.99984
 10386.800     0.99981
 10386.900     0.99972
 10387.000     0.99932
 10387.100     0.99792
 10387.200     0.99417
 10387.300     0.98744
 10387.400     0.98028
 10387.500     0.97768
 10387.600     0.98161
 10387.700     0.98843
 10387.800     0.99374
 10387.900     0.99657
 10388.000     0.99805
 10388.100     0.99892
 10388.200     0.99920
 10388.300     0.99852
 10388.400     0.99570
 10388.500     0.98906
 10388.600     0.97924
 10388.700     0.97158
 10388.800     0.97216
 10388.900     0.98044
 10389.000     0.98990
 10389.100     0.99540
 10389.200     0.99594
 10389.300     0.99246
 10389.400     0.98704
 10389.500     0.98358
 10389.600     0.98505
 10389.700     0.99019
 10389.800     0.99527
 10389.900     0.99824
 10390.000     0.99940
 10390.100     0.99973
 10390.200     0.99979
 10390.300     0.99970
 10390.400     0.99927
 10390.500     0.99791
 10390.600     0.99476
 10390.700     0.98922
 10390.800     0.98211
 10390.900     0.97655
 10391.000     0.97590
 10391.100     0.97954
 10391.200     0.98324
 10391.300     0.98498
 10391.400     0.98687
 10391.500     0.99052
 10391.600     0.99441
 10391.700     0.99637
 10391.800     0.99621
 10391.900     0.99539
 10392.000     0.99544
 10392.100     0.99661
 10392.200     0.99805
 10392.300     0.99902
 10392.400     0.99942
 10392.500     0.99949
 10392.600     0.99944
 10392.700     0.99934
 10392.800     0.99922
 10392.900     0.99915
 10393.000     0.99908
 10393.100     0.99882
 10393.200     0.99802
 10393.300     0.99655
 10393.400     0.99494
 10393.500     0.99435
 10393.600     0.99533
 10393.700     0.99710
 10393.800     0.99844
 10393.900     0.99889
 10394.000     0.99873
 10394.100     0.99849
 10394.200     0.99848
 10394.300     0.99868
 10394.400     0.99880
 10394.500     0.99859
 10394.600     0.99777
 10394.700     0.99613
 10394.800     0.99424
 10394.900     0.99330
 10395.000     0.99390
 10395.100     0.99512
 10395.200     0.99492
 10395.300     0.98948
 10395.400     0.96889
 10395.500     0.91703
 10395.600     0.82879
 10395.700     0.73639
 10395.800     0.69841
 10395.900     0.74274
 10396.000     0.83493
 10396.100     0.91779
 10396.200     0.96422
 10396.300     0.97915
 10396.400     0.96827
 10396.500     0.92331
 10396.600     0.83958
 10396.700     0.74684
 10396.800     0.70426
 10396.900     0.74488
 10397.000     0.83770
 10397.100     0.92320
 10397.200     0.97021
 10397.300     0.98385
 10397.400     0.97986
 10397.500     0.97094
 10397.600     0.96667
 10397.700     0.97139
 10397.800     0.98152
 10397.900     0.99026
 10398.000     0.99386
 10398.100     0.99254
 10398.200     0.98880
 10398.300     0.98611
 10398.400     0.98681
 10398.500     0.99001
 10398.600     0.99286
 10398.700     0.99323
 10398.800     0.98950
 10398.900     0.98010
 10399.000     0.96698
 10399.100     0.95833
 10399.200     0.96174
 10399.300     0.97472
 10399.400     0.98795
 10399.500     0.99569
 10399.600     0.99853
 10399.700     0.99910
 10399.800     0.99912
 10399.900     0.99922
 10400.000     0.99944
 10400.100     0.99959
 10400.200     0.99956
 10400.300     0.99931
 10400.400     0.99885
 10400.500     0.99796
 10400.600     0.99625
 10400.700     0.99373
 10400.800     0.99147
 10400.900     0.99098
 10401.000     0.99274
 10401.100     0.99558
 10401.200     0.99794
 10401.300     0.99915
 10401.400     0.99942
 10401.500     0.99913
 10401.600     0.99862
 10401.700     0.99833
 10401.800     0.99852
 10401.900     0.99897
 10402.000     0.99928
 10402.100     0.99932
 10402.200     0.99930
 10402.300     0.99942
 10402.400     0.99965
 10402.500     0.99983
 10402.600     0.99988
 10402.700     0.99976
 10402.800     0.99940
 10402.900     0.99857
 10403.000     0.99716
 10403.100     0.99567
 10403.200     0.99515
 10403.300     0.99608
 10403.400     0.99770
 10403.500     0.99896
 10403.600     0.99949
 10403.700     0.99946
 10403.800     0.99904
 10403.900     0.99836
 10404.000     0.99757
 10404.100     0.99703
 10404.200     0.99709
 10404.300     0.99778
 10404.400     0.99860
 10404.500     0.99901
 10404.600     0.99875
 10404.700     0.99788
 10404.800     0.99682
 10404.900     0.99625
 10405.000     0.99653
 10405.100     0.99700
 10405.200     0.99649
 10405.300     0.99454
 10405.400     0.99237
 10405.500     0.99192
 10405.600     0.99372
 10405.700     0.99632
 10405.800     0.99810
 10405.900     0.99872
 10406.000     0.99865
 10406.100     0.99819
 10406.200     0.99692
 10406.300     0.99369
 10406.400     0.98795
 10406.500     0.98126
 10406.600     0.97603
 10406.700     0.97122
 10406.800     0.96228
 10406.900     0.94865
 10407.000     0.93856
 10407.100     0.94135
 10407.200     0.95636
 10407.300     0.97404
 10407.400     0.98624
 10407.500     0.99093
 10407.600     0.98952
 10407.700     0.98475
 10407.800     0.98104
 10407.900     0.98222
 10408.000     0.98775
 10408.100     0.99370
 10408.200     0.99734
 10408.300     0.99876
 10408.400     0.99912
 10408.500     0.99915
 10408.600     0.99885
 10408.700     0.99760
 10408.800     0.99430
 10408.900     0.98860
 10409.000     0.98287
 10409.100     0.98127
 10409.200     0.98523
 10409.300     0.99154
 10409.400     0.99635
 10409.500     0.99867
 10409.600     0.99948
 10409.700     0.99974
 10409.800     0.99983
 10409.900     0.99988
 10410.000     0.99989
 10410.100     0.99987
 10410.200     0.99980
 10410.300     0.99955
 10410.400     0.99887
 10410.500     0.99729
 10410.600     0.99462
 10410.700     0.99183
 10410.800     0.99089
 10410.900     0.99266
 10411.000     0.99575
 10411.100     0.99820
 10411.200     0.99940
 10411.300     0.99979
 10411.400     0.99986
 10411.500     0.99985
 10411.600     0.99985
 10411.700     0.99987
 10411.800     0.99992
 10411.900     0.99996
 10412.000     0.99999
 10412.100     0.99999
 10412.200     0.99997
 10412.300     0.99994
 10412.400     0.99988
 10412.500     0.99985
 10412.600     0.99984
 10412.700     0.99984
 10412.800     0.99980
 10412.900     0.99958
 10413.000     0.99899
 10413.100     0.99778
 10413.200     0.99600
 10413.300     0.99430
 10413.400     0.99373
 10413.500     0.99479
 10413.600     0.99673
 10413.700     0.99840
 10413.800     0.99931
 10413.900     0.99963
 10414.000     0.99969
 10414.100     0.99964
 10414.200     0.99952
 10414.300     0.99925
 10414.400     0.99857
 10414.500     0.99681
 10414.600     0.99292
 10414.700     0.98644
 10414.800     0.97931
 10414.900     0.97572
 10415.000     0.97824
 10415.100     0.98484
 10415.200     0.99099
 10415.300     0.99359
 10415.400     0.99185
 10415.500     0.98686
 10415.600     0.98199
 10415.700     0.98139
 10415.800     0.98578
 10415.900     0.99158
 10416.000     0.99534
 10416.100     0.99674
 10416.200     0.99702
 10416.300     0.99633
 10416.400     0.99388
 10416.500     0.99010
 10416.600     0.98764
 10416.700     0.98857
 10416.800     0.99133
 10416.900     0.99227
 10417.000     0.99007
 10417.100     0.98721
 10417.200     0.98707
 10417.300     0.99023
 10417.400     0.99444
 10417.500     0.99755
 10417.600     0.99909
 10417.700     0.99966
 10417.800     0.99980
 10417.900     0.99975
 10418.000     0.99957
 10418.100     0.99937
 10418.200     0.99927
 10418.300     0.99930
 10418.400     0.99938
 10418.500     0.99942
 10418.600     0.99939
 10418.700     0.99919
 10418.800     0.99847
 10418.900     0.99687
 10419.000     0.99477
 10419.100     0.99353
 10419.200     0.99424
 10419.300     0.99628
 10419.400     0.99819
 10419.500     0.99917
 10419.600     0.99930
 10419.700     0.99895
 10419.800     0.99853
 10419.900     0.99845
 10420.000     0.99881
 10420.100     0.99932
 10420.200     0.99968
 10420.300     0.99982
 10420.400     0.99981
 10420.500     0.99964
 10420.600     0.99921
 10420.700     0.99831
 10420.800     0.99671
 10420.900     0.99445
 10421.000     0.99218
 10421.100     0.99117
 10421.200     0.99222
 10421.300     0.99473
 10421.400     0.99714
 10421.500     0.99848
 10421.600     0.99883
 10421.700     0.99876
 10421.800     0.99870
 10421.900     0.99876
 10422.000     0.99877
 10422.100     0.99850
 10422.200     0.99802
 10422.300     0.99768
 10422.400     0.99760
 10422.500     0.99678
 10422.600     0.99174
 10422.700     0.97491
 10422.800     0.93842
 10422.900     0.88870
 10423.000     0.85448
 10423.100     0.86264
 10423.200     0.90495
 10423.300     0.94573
 10423.400     0.95496
 10423.500     0.92261
 10423.600     0.86228
 10423.700     0.81390
 10423.800     0.81772
 10423.900     0.87128
 10424.000     0.93415
 10424.100     0.97499
 10424.200     0.99224
 10424.300     0.99739
 10424.400     0.99852
 10424.500     0.99834
 10424.600     0.99732
 10424.700     0.99578
 10424.800     0.99478
 10424.900     0.99522
 10425.000     0.99675
 10425.100     0.99817
 10425.200     0.99865
 10425.300     0.99773
 10425.400     0.99469
 10425.500     0.98886
 10425.600     0.98171
 10425.700     0.97763
 10425.800     0.97997
 10425.900     0.98687
 10426.000     0.99337
 10426.100     0.99660
 10426.200     0.99675
 10426.300     0.99508
 10426.400     0.99305
 10426.500     0.99219
 10426.600     0.99320
 10426.700     0.99537
 10426.800     0.99743
 10426.900     0.99872
 10427.000     0.99935
 10427.100     0.99962
 10427.200     0.99974
 10427.300     0.99981
 10427.400     0.99986
 10427.500     0.99988
 10427.600     0.99989
 10427.700     0.99990
 10427.800     0.99989
 10427.900     0.99985
 10428.000     0.99971
 10428.100     0.99934
 10428.200     0.99834
 10428.300     0.99599
 10428.400     0.99188
 10428.500     0.98750
 10428.600     0.98596
 10428.700     0.98865
 10428.800     0.99334
 10428.900     0.99701
 10429.000     0.99876
 10429.100     0.99938
 10429.200     0.99962
 10429.300     0.99971
 10429.400     0.99965
 10429.500     0.99946
 10429.600     0.99929
 10429.700     0.99930
 10429.800     0.99948
 10429.900     0.99970
 10430.000     0.99986
 10430.100     0.99992
 10430.200     0.99993
 10430.300     0.99990
 10430.400     0.99982
 10430.500     0.99963
 10430.600     0.99922
 10430.700     0.99865
 10430.800     0.99824
 10430.900     0.99831
 10431.000     0.99876
 10431.100     0.99921
 10431.200     0.99940
 10431.300     0.99918
 10431.400     0.99818
 10431.500     0.99610
 10431.600     0.99352
 10431.700     0.99208
 10431.800     0.99265
 10431.900     0.99401
 10432.000     0.99442
 10432.100     0.99382
 10432.200     0.99366
 10432.300     0.99487
 10432.400     0.99675
 10432.500     0.99816
 10432.600     0.99864
 10432.700     0.99836
 10432.800     0.99745
 10432.900     0.99618
 10433.000     0.99528
 10433.100     0.99544
 10433.200     0.99649
 10433.300     0.99766
 10433.400     0.99814
 10433.500     0.99685
 10433.600     0.99207
 10433.700     0.98265
 10433.800     0.97076
 10433.900     0.96230
 10434.000     0.96263
 10434.100     0.97135
 10434.200     0.98261
 10434.300     0.99068
 10434.400     0.99404
 10434.500     0.99462
 10434.600     0.99482
 10434.700     0.99559
 10434.800     0.99648
 10434.900     0.99622
 10435.000     0.99237
 10435.100     0.98164
 10435.200     0.96440
 10435.300     0.94956
 10435.400     0.94877
 10435.500     0.96280
 10435.600     0.98057
 10435.700     0.99250
 10435.800     0.99754
 10435.900     0.99873
 10436.000     0.99835
 10436.100     0.99748
 10436.200     0.99692
 10436.300     0.99714
 10436.400     0.99798
 10436.500     0.99887
 10436.600     0.99944
 10436.700     0.99963
 10436.800     0.99950
 10436.900     0.99893
 10437.000     0.99753
 10437.100     0.99497
 10437.200     0.99142
 10437.300     0.98742
 10437.400     0.98343
 10437.500     0.98054
 10437.600     0.98091
 10437.700     0.98529
 10437.800     0.99135
 10437.900     0.99609
 10438.000     0.99839
 10438.100     0.99891
 10438.200     0.99866
 10438.300     0.99842
 10438.400     0.99854
 10438.500     0.99863
 10438.600     0.99766
 10438.700     0.99440
 10438.800     0.98892
 10438.900     0.98394
 10439.000     0.98306
 10439.100     0.98651
 10439.200     0.99094
 10439.300     0.99376
 10439.400     0.99525
 10439.500     0.99655
 10439.600     0.99788
 10439.700     0.99888
 10439.800     0.99941
 10439.900     0.99955
 10440.000     0.99940
 10440.100     0.99876
 10440.200     0.99694
 10440.300     0.99301
 10440.400     0.98733
 10440.500     0.98271
 10440.600     0.98245
 10440.700     0.98614
 10440.800     0.98950
 10440.900     0.98865
 10441.000     0.98380
 10441.100     0.97905
 10441.200     0.97820
 10441.300     0.98096
 10441.400     0.98459
 10441.500     0.98796
 10441.600     0.99149
 10441.700     0.99486
 10441.800     0.99715
 10441.900     0.99790
 10442.000     0.99734
 10442.100     0.99624
 10442.200     0.99555
 10442.300     0.99559
 10442.400     0.99565
 10442.500     0.99519
 10442.600     0.99477
 10442.700     0.99523
 10442.800     0.99654
 10442.900     0.99797
 10443.000     0.99898
 10443.100     0.99951
 10443.200     0.99971
 10443.300     0.99975
 10443.400     0.99965
 10443.500     0.99943
 10443.600     0.99921
 10443.700     0.99913
 10443.800     0.99923
 10443.900     0.99926
 10444.000     0.99890
 10444.100     0.99804
 10444.200     0.99703
 10444.300     0.99662
 10444.400     0.99718
 10444.500     0.99826
 10444.600     0.99918
 10444.700     0.99967
 10444.800     0.99984
 10444.900     0.99986
 10445.000     0.99983
 10445.100     0.99979
 10445.200     0.99978
 10445.300     0.99979
 10445.400     0.99975
 10445.500     0.99963
 10445.600     0.99951
 10445.700     0.99949
 10445.800     0.99956
 10445.900     0.99960
 10446.000     0.99952
 10446.100     0.99932
 10446.200     0.99881
 10446.300     0.99741
 10446.400     0.99408
 10446.500     0.98862
 10446.600     0.98338
 10446.700     0.98217
 10446.800     0.98606
 10446.900     0.99200
 10447.000     0.99653
 10447.100     0.99871
 10447.200     0.99934
 10447.300     0.99924
 10447.400     0.99887
 10447.500     0.99845
 10447.600     0.99786
 10447.700     0.99661
 10447.800     0.99446
 10447.900     0.99207
 10448.000     0.99042
 10448.100     0.98950
 10448.200     0.98829
 10448.300     0.98583
 10448.400     0.98179
 10448.500     0.97721
 10448.600     0.97472
 10448.700     0.97611
 10448.800     0.97959
 10448.900     0.98230
 10449.000     0.98433
 10449.100     0.98746
 10449.200     0.99173
 10449.300     0.99551
 10449.400     0.99782
 10449.500     0.99887
 10449.600     0.99919
 10449.700     0.99899
 10449.800     0.99805
 10449.900     0.99614
 10450.000     0.99383
 10450.100     0.99264
 10450.200     0.99358
 10450.300     0.99580
 10450.400     0.99774
 10450.500     0.99879
 10450.600     0.99927
 10450.700     0.99954
 10450.800     0.99972
 10450.900     0.99979
 10451.000     0.99982
 10451.100     0.99983
 10451.200     0.99986
 10451.300     0.99988
 10451.400     0.99989
 10451.500     0.99989
 10451.600     0.99988
 10451.700     0.99983
 10451.800     0.99972
 10451.900     0.99958
 10452.000     0.99948
 10452.100     0.99947
 10452.200     0.99953
 10452.300     0.99957
 10452.400     0.99948
 10452.500     0.99918
 10452.600     0.99864
 10452.700     0.99789
 10452.800     0.99685
 10452.900     0.99524
 10453.000     0.99305
 10453.100     0.99137
 10453.200     0.99166
 10453.300     0.99395
 10453.400     0.99659
 10453.500     0.99826
 10453.600     0.99885
 10453.700     0.99893
 10453.800     0.99889
 10453.900     0.99887
 10454.000     0.99887
 10454.100     0.99885
 10454.200     0.99880
 10454.300     0.99868
 10454.400     0.99847
 10454.500     0.99813
 10454.600     0.99763
 10454.700     0.99686
 10454.800     0.99546
 10454.900     0.99223
 10455.000     0.98388
 10455.100     0.96415
 10455.200     0.92805
 10455.300     0.88265
 10455.400     0.85084
 10455.500     0.85368
 10455.600     0.88824
 10455.700     0.93167
 10455.800     0.96441
 10455.900     0.98204
 10456.000     0.98913
 10456.100     0.99065
 10456.200     0.98958
 10456.300     0.98736
 10456.400     0.98368
 10456.500     0.97624
 10456.600     0.96363
 10456.700     0.95000
 10456.800     0.94426
 10456.900     0.95125
 10457.000     0.96634
 10457.100     0.98097
 10457.200     0.99049
 10457.300     0.99523
 10457.400     0.99720
 10457.500     0.99773
 10457.600     0.99713
 10457.700     0.99516
 10457.800     0.99194
 10457.900     0.98822
 10458.000     0.98490
 10458.100     0.98303
 10458.200     0.98399
 10458.300     0.98777
 10458.400     0.99224
 10458.500     0.99537
 10458.600     0.99688
 10458.700     0.99733
 10458.800     0.99697
 10458.900     0.99543
 10459.000     0.99126
 10459.100     0.98135
 10459.200     0.96238
 10459.300     0.93646
 10459.400     0.91539
 10459.500     0.91309
 10459.600     0.93063
 10459.700     0.95362
 10459.800     0.96623
 10459.900     0.96432
 10460.000     0.95627
 10460.100     0.95363
 10460.200     0.96045
 10460.300     0.97201
 10460.400     0.98202
 10460.500     0.98821
 10460.600     0.99169
 10460.700     0.99369
 10460.800     0.99371
 10460.900     0.99055
 10461.000     0.98500
 10461.100     0.98107
 10461.200     0.98247
 10461.300     0.98823
 10461.400     0.99420
 10461.500     0.99779
 10461.600     0.99921
 10461.700     0.99954
 10461.800     0.99930
 10461.900     0.99844
 10462.000     0.99702
 10462.100     0.99576
 10462.200     0.99568
 10462.300     0.99684
 10462.400     0.99828
 10462.500     0.99913
 10462.600     0.99925
 10462.700     0.99886
 10462.800     0.99829
 10462.900     0.99797
 10463.000     0.99820
 10463.100     0.99881
 10463.200     0.99941
 10463.300     0.99978
 10463.400     0.99989
 10463.500     0.99979
 10463.600     0.99934
 10463.700     0.99835
 10463.800     0.99677
 10463.900     0.99495
 10464.000     0.99365
 10464.100     0.99367
 10464.200     0.99507
 10464.300     0.99701
 10464.400     0.99850
 10464.500     0.99927
 10464.600     0.99953
 10464.700     0.99948
 10464.800     0.99904
 10464.900     0.99795
 10465.000     0.99637
 10465.100     0.99523
 10465.200     0.99549
 10465.300     0.99696
 10465.400     0.99854
 10465.500     0.99950
 10465.600     0.99985
 10465.700     0.99985
 10465.800     0.99962
 10465.900     0.99922
 10466.000     0.99883
 10466.100     0.99872
 10466.200     0.99889
 10466.300     0.99897
 10466.400     0.99861
 10466.500     0.99797
 10466.600     0.99760
 10466.700     0.99786
 10466.800     0.99852
 10466.900     0.99914
 10467.000     0.99952
 10467.100     0.99966
 10467.200     0.99963
 10467.300     0.99953
 10467.400     0.99946
 10467.500     0.99946
 10467.600     0.99949
 10467.700     0.99952
 10467.800     0.99950
 10467.900     0.99945
 10468.000     0.99937
 10468.100     0.99923
 10468.200     0.99896
 10468.300     0.99845
 10468.400     0.99768
 10468.500     0.99686
 10468.600     0.99623
 10468.700     0.99562
 10468.800     0.99388
 10468.900     0.98892
 10469.000     0.97900
 10469.100     0.96438
 10469.200     0.94412
 10469.300     0.90823
 10469.400     0.84206
 10469.500     0.75266
 10469.600     0.68442
 10469.700     0.68608
 10469.800     0.75963
 10469.900     0.85808
 10470.000     0.93388
 10470.100     0.97366
 10470.200     0.98899
 10470.300     0.99330
 10470.400     0.99272
 10470.500     0.98894
 10470.600     0.98401
 10470.700     0.98158
 10470.800     0.98379
 10470.900     0.98877
 10471.000     0.99327
 10471.100     0.99598
 10471.200     0.99739
 10471.300     0.99818
 10471.400     0.99865
 10471.500     0.99884
 10471.600     0.99859
 10471.700     0.99780
 10471.800     0.99665
 10471.900     0.99581
 10472.000     0.99591
 10472.100     0.99692
 10472.200     0.99818
 10472.300     0.99911
 10472.400     0.99961
 10472.500     0.99980
 10472.600     0.99983
 10472.700     0.99979
 10472.800     0.99973
 10472.900     0.99967
 10473.000     0.99953
 10473.100     0.99930
 10473.200     0.99910
 10473.300     0.99912
 10473.400     0.99938
 10473.500     0.99968
 10473.600     0.99986
 10473.700     0.99990
 10473.800     0.99988
 10473.900     0.99986
 10474.000     0.99988
 10474.100     0.99992
 10474.200     0.99995
 10474.300     0.99993
 10474.400     0.99987
 10474.500     0.99978
 10474.600     0.99965
 10474.700     0.99951
 10474.800     0.99937
 10474.900     0.99912
 10475.000     0.99836
 10475.100     0.99654
 10475.200     0.99348
 10475.300     0.98981
 10475.400     0.98700
 10475.500     0.98678
 10475.600     0.98961
 10475.700     0.99379
 10475.800     0.99709
 10475.900     0.99874
 10476.000     0.99928
 10476.100     0.99938
 10476.200     0.99932
 10476.300     0.99921
 10476.400     0.99909
 10476.500     0.99909
 10476.600     0.99924
 10476.700     0.99941
 10476.800     0.99952
 10476.900     0.99959
 10477.000     0.99962
 10477.100     0.99955
 10477.200     0.99924
 10477.300     0.99838
 10477.400     0.99641
 10477.500     0.99303
 10477.600     0.98831
 10477.700     0.98247
 10477.800     0.97646
 10477.900     0.97318
 10478.000     0.97470
 10478.100     0.97849
 10478.200     0.98041
 10478.300     0.98078
 10478.400     0.98319
 10478.500     0.98852
 10478.600     0.99408
 10478.700     0.99762
 10478.800     0.99913
 10478.900     0.99952
 10479.000     0.99951
 10479.100     0.99945
 10479.200     0.99947
 10479.300     0.99955
 10479.400     0.99957
 10479.500     0.99951
 10479.600     1.00000
 10479.700     1.00000
 10479.800     1.00000
 10479.900     1.00000
 10480.000     1.00000
