the number of points per synthesis =   1601
start =   9760.000     stop =   9920.000     step =      0.100
  9760.000     1.00000
  9760.100     1.00000
  9760.200     1.00000
  9760.300     1.00000
  9760.400     1.00000
  9760.500     0.97966
  9760.600     0.98560
  9760.700     0.98805
  9760.800     0.98750
  9760.900     0.98281
  9761.000     0.97667
  9761.100     0.97539
  9761.200     0.98090
  9761.300     0.98803
  9761.400     0.99093
  9761.500     0.98842
  9761.600     0.98406
  9761.700     0.98303
  9761.800     0.98699
  9761.900     0.99254
  9762.000     0.99557
  9762.100     0.99402
  9762.200     0.98686
  9762.300     0.97585
  9762.400     0.96813
  9762.500     0.97028
  9762.600     0.97926
  9762.700     0.98540
  9762.800     0.98237
  9762.900     0.97048
  9763.000     0.95061
  9763.100     0.91486
  9763.200     0.85502
  9763.300     0.79223
  9763.400     0.77184
  9763.500     0.80508
  9763.600     0.84573
  9763.700     0.84700
  9763.800     0.81808
  9763.900     0.80809
  9764.000     0.84248
  9764.100     0.89366
  9764.200     0.92127
  9764.300     0.92149
  9764.400     0.92188
  9764.500     0.93992
  9764.600     0.96540
  9764.700     0.98251
  9764.800     0.98920
  9764.900     0.99182
  9765.000     0.99419
  9765.100     0.99580
  9765.200     0.99472
  9765.300     0.98714
  9765.400     0.96753
  9765.500     0.93774
  9765.600     0.91583
  9765.700     0.92061
  9765.800     0.94649
  9765.900     0.97025
  9766.000     0.97857
  9766.100     0.97638
  9766.200     0.97486
  9766.300     0.97886
  9766.400     0.98530
  9766.500     0.99026
  9766.600     0.99348
  9766.700     0.99610
  9766.800     0.99813
  9766.900     0.99925
  9767.000     0.99964
  9767.100     0.99964
  9767.200     0.99932
  9767.300     0.99854
  9767.400     0.99738
  9767.500     0.99639
  9767.600     0.99622
  9767.700     0.99675
  9767.800     0.99680
  9767.900     0.99387
  9768.000     0.98359
  9768.100     0.96281
  9768.200     0.93769
  9768.300     0.92475
  9768.400     0.93490
  9768.500     0.95969
  9768.600     0.98198
  9768.700     0.99392
  9768.800     0.99814
  9768.900     0.99911
  9769.000     0.99888
  9769.100     0.99764
  9769.200     0.99506
  9769.300     0.99126
  9769.400     0.98656
  9769.500     0.98039
  9769.600     0.97143
  9769.700     0.95971
  9769.800     0.94788
  9769.900     0.93526
  9770.000     0.90608
  9770.100     0.83983
  9770.200     0.75362
  9770.300     0.71001
  9770.400     0.74958
  9770.500     0.84017
  9770.600     0.92032
  9770.700     0.96126
  9770.800     0.96716
  9770.900     0.95178
  9771.000     0.93472
  9771.100     0.93535
  9771.200     0.95487
  9771.300     0.97744
  9771.400     0.99118
  9771.500     0.99571
  9771.600     0.99276
  9771.700     0.98003
  9771.800     0.95669
  9771.900     0.93259
  9772.000     0.92421
  9772.100     0.93704
  9772.200     0.95969
  9772.300     0.97713
  9772.400     0.98240
  9772.500     0.97664
  9772.600     0.96636
  9772.700     0.96176
  9772.800     0.96874
  9772.900     0.98175
  9773.000     0.99076
  9773.100     0.99104
  9773.200     0.98435
  9773.300     0.97728
  9773.400     0.97704
  9773.500     0.98416
  9773.600     0.99253
  9773.700     0.99754
  9773.800     0.99935
  9773.900     0.99977
  9774.000     0.99986
  9774.100     0.99989
  9774.200     0.99992
  9774.300     0.99990
  9774.400     0.99980
  9774.500     0.99962
  9774.600     0.99948
  9774.700     0.99952
  9774.800     0.99969
  9774.900     0.99979
  9775.000     0.99951
  9775.100     0.99843
  9775.200     0.99635
  9775.300     0.99416
  9775.400     0.99359
  9775.500     0.99518
  9775.600     0.99750
  9775.700     0.99906
  9775.800     0.99966
  9775.900     0.99967
  9776.000     0.99905
  9776.100     0.99723
  9776.200     0.99404
  9776.300     0.99100
  9776.400     0.99044
  9776.500     0.99273
  9776.600     0.99583
  9776.700     0.99801
  9776.800     0.99899
  9776.900     0.99927
  9777.000     0.99933
  9777.100     0.99939
  9777.200     0.99915
  9777.300     0.99737
  9777.400     0.99162
  9777.500     0.98048
  9777.600     0.96841
  9777.700     0.96470
  9777.800     0.97230
  9777.900     0.98291
  9778.000     0.98721
  9778.100     0.98392
  9778.200     0.97839
  9778.300     0.97714
  9778.400     0.98234
  9778.500     0.99022
  9778.600     0.99594
  9778.700     0.99789
  9778.800     0.99666
  9778.900     0.99348
  9779.000     0.99066
  9779.100     0.99070
  9779.200     0.99339
  9779.300     0.99539
  9779.400     0.99187
  9779.500     0.97720
  9779.600     0.95042
  9779.700     0.92500
  9779.800     0.92179
  9779.900     0.94358
  9780.000     0.97097
  9780.100     0.98682
  9780.200     0.98941
  9780.300     0.98508
  9780.400     0.98040
  9780.500     0.97836
  9780.600     0.97668
  9780.700     0.97089
  9780.800     0.95784
  9780.900     0.93845
  9781.000     0.92123
  9781.100     0.91675
  9781.200     0.92315
  9781.300     0.92774
  9781.400     0.92929
  9781.500     0.94003
  9781.600     0.96194
  9781.700     0.98282
  9781.800     0.99437
  9781.900     0.99834
  9782.000     0.99915
  9782.100     0.99912
  9782.200     0.99903
  9782.300     0.99901
  9782.400     0.99898
  9782.500     0.99885
  9782.600     0.99854
  9782.700     0.99763
  9782.800     0.99393
  9782.900     0.97917
  9783.000     0.93486
  9783.100     0.84428
  9783.200     0.72315
  9783.300     0.62184
  9783.400     0.57679
  9783.500     0.58631
  9783.600     0.64139
  9783.700     0.72925
  9783.800     0.81108
  9783.900     0.85516
  9784.000     0.87787
  9784.100     0.90955
  9784.200     0.94822
  9784.300     0.97467
  9784.400     0.98336
  9784.500     0.98271
  9784.600     0.98215
  9784.700     0.98431
  9784.800     0.98492
  9784.900     0.97983
  9785.000     0.97225
  9785.100     0.97053
  9785.200     0.97745
  9785.300     0.98693
  9785.400     0.99296
  9785.500     0.99532
  9785.600     0.99623
  9785.700     0.99673
  9785.800     0.99693
  9785.900     0.99688
  9786.000     0.99611
  9786.100     0.99388
  9786.200     0.98967
  9786.300     0.98065
  9786.400     0.95983
  9786.500     0.92601
  9786.600     0.89744
  9786.700     0.89807
  9786.800     0.92636
  9786.900     0.95800
  9787.000     0.97533
  9787.100     0.97722
  9787.200     0.96873
  9787.300     0.94787
  9787.400     0.89805
  9787.500     0.80720
  9787.600     0.70907
  9787.700     0.67495
  9787.800     0.73574
  9787.900     0.84229
  9788.000     0.92337
  9788.100     0.95185
  9788.200     0.94475
  9788.300     0.93144
  9788.400     0.93223
  9788.500     0.94718
  9788.600     0.96137
  9788.700     0.96572
  9788.800     0.96621
  9788.900     0.97154
  9789.000     0.98171
  9789.100     0.99107
  9789.200     0.99633
  9789.300     0.99792
  9789.400     0.99675
  9789.500     0.99192
  9789.600     0.98084
  9789.700     0.96318
  9789.800     0.94704
  9789.900     0.94518
  9790.000     0.95961
  9790.100     0.97822
  9790.200     0.99004
  9790.300     0.99374
  9790.400     0.99194
  9790.500     0.98697
  9790.600     0.98228
  9790.700     0.98198
  9790.800     0.98672
  9790.900     0.99283
  9791.000     0.99695
  9791.100     0.99873
  9791.200     0.99907
  9791.300     0.99804
  9791.400     0.99430
  9791.500     0.98657
  9791.600     0.97725
  9791.700     0.97319
  9791.800     0.97824
  9791.900     0.98763
  9792.000     0.99455
  9792.100     0.99677
  9792.200     0.99432
  9792.300     0.98674
  9792.400     0.97634
  9792.500     0.97059
  9792.600     0.97482
  9792.700     0.98487
  9792.800     0.99243
  9792.900     0.99374
  9793.000     0.99066
  9793.100     0.98793
  9793.200     0.98908
  9793.300     0.99317
  9793.400     0.99672
  9793.500     0.99772
  9793.600     0.99634
  9793.700     0.99408
  9793.800     0.99312
  9793.900     0.99448
  9794.000     0.99685
  9794.100     0.99823
  9794.200     0.99714
  9794.300     0.99108
  9794.400     0.97658
  9794.500     0.95576
  9794.600     0.94169
  9794.700     0.94688
  9794.800     0.96661
  9794.900     0.98547
  9795.000     0.99538
  9795.100     0.99784
  9795.200     0.99514
  9795.300     0.98676
  9795.400     0.97423
  9795.500     0.96550
  9795.600     0.96821
  9795.700     0.97955
  9795.800     0.99032
  9795.900     0.99603
  9796.000     0.99818
  9796.100     0.99890
  9796.200     0.99860
  9796.300     0.99645
  9796.400     0.99139
  9796.500     0.98404
  9796.600     0.97786
  9796.700     0.97617
  9796.800     0.97850
  9796.900     0.98210
  9797.000     0.98533
  9797.100     0.98834
  9797.200     0.99124
  9797.300     0.99283
  9797.400     0.99212
  9797.500     0.99012
  9797.600     0.98839
  9797.700     0.98753
  9797.800     0.98738
  9797.900     0.98571
  9798.000     0.97722
  9798.100     0.95964
  9798.200     0.94195
  9798.300     0.93752
  9798.400     0.94685
  9798.500     0.95949
  9798.600     0.97062
  9798.700     0.98140
  9798.800     0.99015
  9798.900     0.99378
  9799.000     0.99267
  9799.100     0.99040
  9799.200     0.99040
  9799.300     0.99298
  9799.400     0.99588
  9799.500     0.99737
  9799.600     0.99751
  9799.700     0.99662
  9799.800     0.99344
  9799.900     0.98239
  9800.000     0.95139
  9800.100     0.89105
  9800.200     0.81823
  9800.300     0.77925
  9800.400     0.80327
  9800.500     0.86147
  9800.600     0.90019
  9800.700     0.90402
  9800.800     0.90229
  9800.900     0.92032
  9801.000     0.94901
  9801.100     0.96758
  9801.200     0.97261
  9801.300     0.97468
  9801.400     0.98085
  9801.500     0.98906
  9801.600     0.99509
  9801.700     0.99792
  9801.800     0.99870
  9801.900     0.99801
  9802.000     0.99404
  9802.100     0.98179
  9802.200     0.95799
  9802.300     0.93173
  9802.400     0.92298
  9802.500     0.93958
  9802.600     0.96643
  9802.700     0.98592
  9802.800     0.99474
  9802.900     0.99781
  9803.000     0.99886
  9803.100     0.99915
  9803.200     0.99914
  9803.300     0.99898
  9803.400     0.99837
  9803.500     0.99683
  9803.600     0.99366
  9803.700     0.98630
  9803.800     0.97110
  9803.900     0.95115
  9804.000     0.94055
  9804.100     0.94969
  9804.200     0.97061
  9804.300     0.98811
  9804.400     0.99660
  9804.500     0.99924
  9804.600     0.99978
  9804.700     0.99982
  9804.800     0.99979
  9804.900     0.99976
  9805.000     0.99964
  9805.100     0.99928
  9805.200     0.99875
  9805.300     0.99838
  9805.400     0.99842
  9805.500     0.99851
  9805.600     0.99774
  9805.700     0.99467
  9805.800     0.98681
  9805.900     0.97140
  9806.000     0.95095
  9806.100     0.93683
  9806.200     0.93864
  9806.300     0.95235
  9806.400     0.96803
  9806.500     0.98120
  9806.600     0.99091
  9806.700     0.99638
  9806.800     0.99789
  9806.900     0.99646
  9807.000     0.99281
  9807.100     0.98777
  9807.200     0.98173
  9807.300     0.97358
  9807.400     0.96413
  9807.500     0.96009
  9807.600     0.96667
  9807.700     0.97780
  9807.800     0.98233
  9807.900     0.97643
  9808.000     0.96568
  9808.100     0.95869
  9808.200     0.96086
  9808.300     0.97139
  9808.400     0.98398
  9808.500     0.99239
  9808.600     0.99484
  9808.700     0.99269
  9808.800     0.98817
  9808.900     0.98359
  9809.000     0.98076
  9809.100     0.98094
  9809.200     0.98465
  9809.300     0.99033
  9809.400     0.99499
  9809.500     0.99667
  9809.600     0.99512
  9809.700     0.99154
  9809.800     0.98777
  9809.900     0.98239
  9810.000     0.96857
  9810.100     0.94408
  9810.200     0.92342
  9810.300     0.92594
  9810.400     0.95028
  9810.500     0.97675
  9810.600     0.99220
  9810.700     0.99786
  9810.800     0.99922
  9810.900     0.99930
  9811.000     0.99852
  9811.100     0.99514
  9811.200     0.98440
  9811.300     0.96161
  9811.400     0.93273
  9811.500     0.91797
  9811.600     0.93080
  9811.700     0.95933
  9811.800     0.98261
  9811.900     0.99310
  9812.000     0.99454
  9812.100     0.99115
  9812.200     0.98565
  9812.300     0.98213
  9812.400     0.98398
  9812.500     0.98977
  9812.600     0.99525
  9812.700     0.99828
  9812.800     0.99941
  9812.900     0.99969
  9813.000     0.99960
  9813.100     0.99894
  9813.200     0.99686
  9813.300     0.99237
  9813.400     0.98593
  9813.500     0.97921
  9813.600     0.97221
  9813.700     0.96455
  9813.800     0.96102
  9813.900     0.96724
  9814.000     0.97994
  9814.100     0.99082
  9814.200     0.99647
  9814.300     0.99860
  9814.400     0.99935
  9814.500     0.99958
  9814.600     0.99962
  9814.700     0.99966
  9814.800     0.99975
  9814.900     0.99983
  9815.000     0.99983
  9815.100     0.99960
  9815.200     0.99848
  9815.300     0.99473
  9815.400     0.98602
  9815.500     0.97214
  9815.600     0.95614
  9815.700     0.94163
  9815.800     0.93362
  9815.900     0.93946
  9816.000     0.95883
  9816.100     0.97968
  9816.200     0.99140
  9816.300     0.99220
  9816.400     0.98415
  9816.500     0.97133
  9816.600     0.96244
  9816.700     0.96526
  9816.800     0.97736
  9816.900     0.98955
  9817.000     0.99650
  9817.100     0.99904
  9817.200     0.99946
  9817.300     0.99837
  9817.400     0.99399
  9817.500     0.98241
  9817.600     0.96223
  9817.700     0.94229
  9817.800     0.93821
  9817.900     0.95404
  9818.000     0.97632
  9818.100     0.99152
  9818.200     0.99783
  9818.300     0.99955
  9818.400     0.99987
  9818.500     0.99990
  9818.600     0.99990
  9818.700     0.99990
  9818.800     0.99989
  9818.900     0.99982
  9819.000     0.99958
  9819.100     0.99903
  9819.200     0.99827
  9819.300     0.99774
  9819.400     0.99773
  9819.500     0.99807
  9819.600     0.99847
  9819.700     0.99880
  9819.800     0.99880
  9819.900     0.99766
  9820.000     0.99420
  9820.100     0.98848
  9820.200     0.98386
  9820.300     0.98436
  9820.400     0.98917
  9820.500     0.99332
  9820.600     0.99301
  9820.700     0.98834
  9820.800     0.98284
  9820.900     0.98057
  9821.000     0.98170
  9821.100     0.98243
  9821.200     0.97869
  9821.300     0.96553
  9821.400     0.93791
  9821.500     0.90198
  9821.600     0.88063
  9821.700     0.89237
  9821.800     0.92821
  9821.900     0.96350
  9822.000     0.98458
  9822.100     0.99339
  9822.200     0.99575
  9822.300     0.99442
  9822.400     0.99023
  9822.500     0.98572
  9822.600     0.98483
  9822.700     0.98823
  9822.800     0.99238
  9822.900     0.99473
  9823.000     0.99601
  9823.100     0.99734
  9823.200     0.99852
  9823.300     0.99895
  9823.400     0.99802
  9823.500     0.99471
  9823.600     0.98885
  9823.700     0.98332
  9823.800     0.98231
  9823.900     0.98530
  9824.000     0.98533
  9824.100     0.97543
  9824.200     0.95776
  9824.300     0.94597
  9824.400     0.95160
  9824.500     0.96930
  9824.600     0.98497
  9824.700     0.99229
  9824.800     0.99390
  9824.900     0.99378
  9825.000     0.99320
  9825.100     0.98981
  9825.200     0.97758
  9825.300     0.95161
  9825.400     0.91891
  9825.500     0.90078
  9825.600     0.91255
  9825.700     0.94437
  9825.800     0.97383
  9825.900     0.98996
  9826.000     0.99584
  9826.100     0.99744
  9826.200     0.99764
  9826.300     0.99635
  9826.400     0.99184
  9826.500     0.98357
  9826.600     0.97510
  9826.700     0.97023
  9826.800     0.96484
  9826.900     0.95088
  9827.000     0.93234
  9827.100     0.92575
  9827.200     0.93938
  9827.300     0.96307
  9827.400     0.98242
  9827.500     0.99258
  9827.600     0.99608
  9827.700     0.99547
  9827.800     0.99004
  9827.900     0.97764
  9828.000     0.96031
  9828.100     0.94808
  9828.200     0.95073
  9828.300     0.96538
  9828.400     0.97998
  9828.500     0.98721
  9828.600     0.98890
  9828.700     0.99002
  9828.800     0.99281
  9828.900     0.99611
  9829.000     0.99832
  9829.100     0.99928
  9829.200     0.99961
  9829.300     0.99973
  9829.400     0.99979
  9829.500     0.99983
  9829.600     0.99986
  9829.700     0.99986
  9829.800     0.99982
  9829.900     0.99972
  9830.000     0.99955
  9830.100     0.99931
  9830.200     0.99905
  9830.300     0.99894
  9830.400     0.99907
  9830.500     0.99938
  9830.600     0.99966
  9830.700     0.99980
  9830.800     0.99985
  9830.900     0.99986
  9831.000     0.99985
  9831.100     0.99983
  9831.200     0.99980
  9831.300     0.99969
  9831.400     0.99913
  9831.500     0.99692
  9831.600     0.99081
  9831.700     0.97910
  9831.800     0.96117
  9831.900     0.93417
  9832.000     0.89786
  9832.100     0.86968
  9832.200     0.87331
  9832.300     0.90356
  9832.400     0.93246
  9832.500     0.94834
  9832.600     0.96018
  9832.700     0.97288
  9832.800     0.98124
  9832.900     0.98072
  9833.000     0.96973
  9833.100     0.94853
  9833.200     0.92690
  9833.300     0.92261
  9833.400     0.93982
  9833.500     0.96188
  9833.600     0.97174
  9833.700     0.96472
  9833.800     0.94444
  9833.900     0.91852
  9834.000     0.89363
  9834.100     0.87672
  9834.200     0.88131
  9834.300     0.91264
  9834.400     0.95296
  9834.500     0.98131
  9834.600     0.99395
  9834.700     0.99780
  9834.800     0.99816
  9834.900     0.99600
  9835.000     0.99042
  9835.100     0.98254
  9835.200     0.97708
  9835.300     0.97704
  9835.400     0.97910
  9835.500     0.97981
  9835.600     0.98139
  9835.700     0.98638
  9835.800     0.99264
  9835.900     0.99696
  9836.000     0.99885
  9836.100     0.99930
  9836.200     0.99893
  9836.300     0.99788
  9836.400     0.99661
  9836.500     0.99615
  9836.600     0.99695
  9836.700     0.99830
  9836.800     0.99929
  9836.900     0.99973
  9837.000     0.99985
  9837.100     0.99985
  9837.200     0.99979
  9837.300     0.99972
  9837.400     0.99964
  9837.500     0.99941
  9837.600     0.99882
  9837.700     0.99786
  9837.800     0.99684
  9837.900     0.99546
  9838.000     0.99229
  9838.100     0.98686
  9838.200     0.98232
  9838.300     0.98279
  9838.400     0.98781
  9838.500     0.99299
  9838.600     0.99575
  9838.700     0.99659
  9838.800     0.99594
  9838.900     0.99206
  9839.000     0.98191
  9839.100     0.96543
  9839.200     0.94984
  9839.300     0.94574
  9839.400     0.95639
  9839.500     0.97388
  9839.600     0.98774
  9839.700     0.99390
  9839.800     0.99435
  9839.900     0.99233
  9840.000     0.99054
  9840.100     0.99090
  9840.200     0.99354
  9840.300     0.99667
  9840.400     0.99868
  9840.500     0.99950
  9840.600     0.99973
  9840.700     0.99969
  9840.800     0.99940
  9840.900     0.99864
  9841.000     0.99654
  9841.100     0.99019
  9841.200     0.97593
  9841.300     0.95657
  9841.400     0.94529
  9841.500     0.95237
  9841.600     0.97120
  9841.700     0.98760
  9841.800     0.99584
  9841.900     0.99833
  9842.000     0.99813
  9842.100     0.99651
  9842.200     0.99460
  9842.300     0.99399
  9842.400     0.99519
  9842.500     0.99650
  9842.600     0.99465
  9842.700     0.98569
  9842.800     0.96854
  9842.900     0.95142
  9843.000     0.94807
  9843.100     0.96135
  9843.200     0.97946
  9843.300     0.99158
  9843.400     0.99671
  9843.500     0.99810
  9843.600     0.99769
  9843.700     0.99570
  9843.800     0.99097
  9843.900     0.98166
  9844.000     0.96906
  9844.100     0.96042
  9844.200     0.96235
  9844.300     0.97248
  9844.400     0.98363
  9844.500     0.99173
  9844.600     0.99629
  9844.700     0.99787
  9844.800     0.99675
  9844.900     0.99340
  9845.000     0.98980
  9845.100     0.98881
  9845.200     0.99060
  9845.300     0.99190
  9845.400     0.98996
  9845.500     0.98513
  9845.600     0.97948
  9845.700     0.97625
  9845.800     0.97862
  9845.900     0.98575
  9846.000     0.99274
  9846.100     0.99609
  9846.200     0.99583
  9846.300     0.99368
  9846.400     0.99199
  9846.500     0.99267
  9846.600     0.99530
  9846.700     0.99784
  9846.800     0.99911
  9846.900     0.99903
  9847.000     0.99723
  9847.100     0.99213
  9847.200     0.98210
  9847.300     0.96870
  9847.400     0.95868
  9847.500     0.95858
  9847.600     0.96610
  9847.700     0.97348
  9847.800     0.97866
  9847.900     0.98464
  9848.000     0.99138
  9848.100     0.99632
  9848.200     0.99867
  9848.300     0.99943
  9848.400     0.99954
  9848.500     0.99937
  9848.600     0.99841
  9848.700     0.99426
  9848.800     0.98193
  9848.900     0.95903
  9849.000     0.93552
  9849.100     0.92995
  9849.200     0.94727
  9849.300     0.97144
  9849.400     0.98576
  9849.500     0.98750
  9849.600     0.98312
  9849.700     0.98001
  9849.800     0.98043
  9849.900     0.98010
  9850.000     0.97614
  9850.100     0.97299
  9850.200     0.97480
  9850.300     0.97603
  9850.400     0.96764
  9850.500     0.95176
  9850.600     0.94369
  9850.700     0.95365
  9850.800     0.97358
  9850.900     0.98952
  9851.000     0.99699
  9851.100     0.99919
  9851.200     0.99930
  9851.300     0.99787
  9851.400     0.99307
  9851.500     0.98219
  9851.600     0.96636
  9851.700     0.95423
  9851.800     0.95489
  9851.900     0.96686
  9852.000     0.97984
  9852.100     0.98439
  9852.200     0.97621
  9852.300     0.95905
  9852.400     0.94656
  9852.500     0.95124
  9852.600     0.96924
  9852.700     0.98656
  9852.800     0.99583
  9852.900     0.99891
  9853.000     0.99954
  9853.100     0.99960
  9853.200     0.99966
  9853.300     0.99977
  9853.400     0.99985
  9853.500     0.99989
  9853.600     0.99989
  9853.700     0.99979
  9853.800     0.99929
  9853.900     0.99739
  9854.000     0.99262
  9854.100     0.98527
  9854.200     0.97965
  9854.300     0.98032
  9854.400     0.98554
  9854.500     0.98883
  9854.600     0.98690
  9854.700     0.98308
  9854.800     0.98284
  9854.900     0.98739
  9855.000     0.99306
  9855.100     0.99618
  9855.200     0.99540
  9855.300     0.99092
  9855.400     0.98516
  9855.500     0.98260
  9855.600     0.98463
  9855.700     0.98638
  9855.800     0.98295
  9855.900     0.97685
  9856.000     0.97535
  9856.100     0.98073
  9856.200     0.98764
  9856.300     0.99084
  9856.400     0.98850
  9856.500     0.97775
  9856.600     0.95592
  9856.700     0.93107
  9856.800     0.92219
  9856.900     0.93795
  9857.000     0.96495
  9857.100     0.98567
  9857.200     0.99553
  9857.300     0.99879
  9857.400     0.99958
  9857.500     0.99967
  9857.600     0.99960
  9857.700     0.99946
  9857.800     0.99918
  9857.900     0.99880
  9858.000     0.99856
  9858.100     0.99839
  9858.200     0.99759
  9858.300     0.99548
  9858.400     0.99287
  9858.500     0.99189
  9858.600     0.99340
  9858.700     0.99583
  9858.800     0.99740
  9858.900     0.99789
  9859.000     0.99797
  9859.100     0.99810
  9859.200     0.99828
  9859.300     0.99809
  9859.400     0.99684
  9859.500     0.99433
  9859.600     0.99198
  9859.700     0.99185
  9859.800     0.99412
  9859.900     0.99680
  9860.000     0.99815
  9860.100     0.99742
  9860.200     0.99389
  9860.300     0.98759
  9860.400     0.98170
  9860.500     0.98082
  9860.600     0.98544
  9860.700     0.99131
  9860.800     0.99491
  9860.900     0.99605
  9861.000     0.99575
  9861.100     0.99409
  9861.200     0.98910
  9861.300     0.97453
  9861.400     0.93782
  9861.500     0.86817
  9861.600     0.77949
  9861.700     0.71899
  9861.800     0.72703
  9861.900     0.78972
  9862.000     0.85963
  9862.100     0.91158
  9862.200     0.94824
  9862.300     0.97356
  9862.400     0.98777
  9862.500     0.99363
  9862.600     0.99491
  9862.700     0.99333
  9862.800     0.98824
  9862.900     0.97801
  9863.000     0.96397
  9863.100     0.95288
  9863.200     0.95146
  9863.300     0.96023
  9863.400     0.97428
  9863.500     0.98711
  9863.600     0.99472
  9863.700     0.99724
  9863.800     0.99652
  9863.900     0.99402
  9864.000     0.99107
  9864.100     0.98937
  9864.200     0.99029
  9864.300     0.99338
  9864.400     0.99668
  9864.500     0.99869
  9864.600     0.99939
  9864.700     0.99931
  9864.800     0.99887
  9864.900     0.99804
  9865.000     0.99569
  9865.100     0.98952
  9865.200     0.97771
  9865.300     0.96100
  9865.400     0.94413
  9865.500     0.93636
  9865.600     0.94513
  9865.700     0.96555
  9865.800     0.98450
  9865.900     0.99493
  9866.000     0.99867
  9866.100     0.99959
  9866.200     0.99975
  9866.300     0.99973
  9866.400     0.99961
  9866.500     0.99918
  9866.600     0.99809
  9866.700     0.99628
  9866.800     0.99460
  9866.900     0.99443
  9867.000     0.99592
  9867.100     0.99779
  9867.200     0.99897
  9867.300     0.99940
  9867.400     0.99944
  9867.500     0.99927
  9867.600     0.99865
  9867.700     0.99630
  9867.800     0.98801
  9867.900     0.96553
  9868.000     0.92468
  9868.100     0.88162
  9868.200     0.86855
  9868.300     0.89732
  9868.400     0.94326
  9868.500     0.97725
  9868.600     0.99278
  9868.700     0.99768
  9868.800     0.99896
  9868.900     0.99932
  9869.000     0.99940
  9869.100     0.99908
  9869.200     0.99786
  9869.300     0.99538
  9869.400     0.99254
  9869.500     0.99153
  9869.600     0.99335
  9869.700     0.99636
  9869.800     0.99855
  9869.900     0.99949
  9870.000     0.99974
  9870.100     0.99976
  9870.200     0.99969
  9870.300     0.99955
  9870.400     0.99938
  9870.500     0.99927
  9870.600     0.99929
  9870.700     0.99933
  9870.800     0.99906
  9870.900     0.99760
  9871.000     0.99244
  9871.100     0.97870
  9871.200     0.95434
  9871.300     0.92978
  9871.400     0.92384
  9871.500     0.94156
  9871.600     0.96679
  9871.700     0.98266
  9871.800     0.98678
  9871.900     0.98497
  9872.000     0.98133
  9872.100     0.97745
  9872.200     0.97607
  9872.300     0.97962
  9872.400     0.98647
  9872.500     0.99269
  9872.600     0.99609
  9872.700     0.99633
  9872.800     0.99171
  9872.900     0.97780
  9873.000     0.95342
  9873.100     0.92972
  9873.200     0.92367
  9873.300     0.93697
  9873.400     0.95402
  9873.500     0.96278
  9873.600     0.96388
  9873.700     0.96288
  9873.800     0.96437
  9873.900     0.97042
  9874.000     0.97961
  9874.100     0.98784
  9874.200     0.99171
  9874.300     0.98930
  9874.400     0.97834
  9874.500     0.96039
  9874.600     0.94698
  9874.700     0.95053
  9874.800     0.96813
  9874.900     0.98578
  9875.000     0.99549
  9875.100     0.99881
  9875.200     0.99954
  9875.300     0.99956
  9875.400     0.99943
  9875.500     0.99935
  9875.600     0.99942
  9875.700     0.99959
  9875.800     0.99973
  9875.900     0.99980
  9876.000     0.99985
  9876.100     0.99989
  9876.200     0.99991
  9876.300     0.99981
  9876.400     0.99939
  9876.500     0.99828
  9876.600     0.99608
  9876.700     0.99306
  9876.800     0.99083
  9876.900     0.99122
  9877.000     0.99405
  9877.100     0.99718
  9877.200     0.99907
  9877.300     0.99979
  9877.400     0.99997
  9877.500     0.99999
  9877.600     0.99997
  9877.700     0.99986
  9877.800     0.99946
  9877.900     0.99851
  9878.000     0.99707
  9878.100     0.99602
  9878.200     0.99628
  9878.300     0.99755
  9878.400     0.99872
  9878.500     0.99916
  9878.600     0.99903
  9878.700     0.99881
  9878.800     0.99876
  9878.900     0.99887
  9879.000     0.99904
  9879.100     0.99913
  9879.200     0.99875
  9879.300     0.99721
  9879.400     0.99410
  9879.500     0.99060
  9879.600     0.98949
  9879.700     0.99192
  9879.800     0.99573
  9879.900     0.99838
  9880.000     0.99940
  9880.100     0.99937
  9880.200     0.99833
  9880.300     0.99500
  9880.400     0.98682
  9880.500     0.97128
  9880.600     0.94915
  9880.700     0.92771
  9880.800     0.92023
  9880.900     0.93437
  9881.000     0.96028
  9881.100     0.97936
  9881.200     0.97928
  9881.300     0.95495
  9881.400     0.91193
  9881.500     0.87588
  9881.600     0.87617
  9881.700     0.91203
  9881.800     0.95481
  9881.900     0.98234
  9882.000     0.99339
  9882.100     0.99541
  9882.200     0.99285
  9882.300     0.98566
  9882.400     0.97391
  9882.500     0.96317
  9882.600     0.96191
  9882.700     0.97142
  9882.800     0.98432
  9882.900     0.99357
  9883.000     0.99786
  9883.100     0.99926
  9883.200     0.99964
  9883.300     0.99978
  9883.400     0.99984
  9883.500     0.99987
  9883.600     0.99987
  9883.700     0.99987
  9883.800     0.99981
  9883.900     0.99960
  9884.000     0.99911
  9884.100     0.99847
  9884.200     0.99813
  9884.300     0.99840
  9884.400     0.99901
  9884.500     0.99949
  9884.600     0.99971
  9884.700     0.99980
  9884.800     0.99978
  9884.900     0.99937
  9885.000     0.99768
  9885.100     0.99340
  9885.200     0.98681
  9885.300     0.98167
  9885.400     0.98174
  9885.500     0.98539
  9885.600     0.98806
  9885.700     0.98816
  9885.800     0.98593
  9885.900     0.98034
  9886.000     0.97314
  9886.100     0.97099
  9886.200     0.97700
  9886.300     0.98528
  9886.400     0.98829
  9886.500     0.98481
  9886.600     0.97899
  9886.700     0.97370
  9886.800     0.96639
  9886.900     0.95542
  9887.000     0.94736
  9887.100     0.95001
  9887.200     0.96169
  9887.300     0.97493
  9887.400     0.98528
  9887.500     0.99155
  9887.600     0.99266
  9887.700     0.98800
  9887.800     0.98025
  9887.900     0.97598
  9888.000     0.97947
  9888.100     0.98746
  9888.200     0.99390
  9888.300     0.99664
  9888.400     0.99665
  9888.500     0.99409
  9888.600     0.98518
  9888.700     0.95950
  9888.800     0.90480
  9888.900     0.82861
  9889.000     0.77371
  9889.100     0.78416
  9889.200     0.85143
  9889.300     0.92483
  9889.400     0.97001
  9889.500     0.98843
  9889.600     0.99355
  9889.700     0.99285
  9889.800     0.98700
  9889.900     0.97412
  9890.000     0.95569
  9890.100     0.94135
  9890.200     0.94167
  9890.300     0.95330
  9890.400     0.96029
  9890.500     0.95285
  9890.600     0.93619
  9890.700     0.92229
  9890.800     0.92034
  9890.900     0.93237
  9891.000     0.95185
  9891.100     0.96803
  9891.200     0.97329
  9891.300     0.96781
  9891.400     0.95914
  9891.500     0.95360
  9891.600     0.95090
  9891.700     0.95163
  9891.800     0.95991
  9891.900     0.97435
  9892.000     0.98755
  9892.100     0.99509
  9892.200     0.99806
  9892.300     0.99898
  9892.400     0.99925
  9892.500     0.99935
  9892.600     0.99939
  9892.700     0.99933
  9892.800     0.99913
  9892.900     0.99896
  9893.000     0.99901
  9893.100     0.99922
  9893.200     0.99913
  9893.300     0.99790
  9893.400     0.99429
  9893.500     0.98801
  9893.600     0.98203
  9893.700     0.98114
  9893.800     0.98622
  9893.900     0.99292
  9894.000     0.99730
  9894.100     0.99906
  9894.200     0.99954
  9894.300     0.99963
  9894.400     0.99956
  9894.500     0.99923
  9894.600     0.99839
  9894.700     0.99685
  9894.800     0.99508
  9894.900     0.99412
  9895.000     0.99454
  9895.100     0.99579
  9895.200     0.99703
  9895.300     0.99802
  9895.400     0.99876
  9895.500     0.99917
  9895.600     0.99922
  9895.700     0.99892
  9895.800     0.99807
  9895.900     0.99614
  9896.000     0.99247
  9896.100     0.98731
  9896.200     0.98278
  9896.300     0.98174
  9896.400     0.98508
  9896.500     0.99069
  9896.600     0.99551
  9896.700     0.99817
  9896.800     0.99920
  9896.900     0.99952
  9897.000     0.99960
  9897.100     0.99959
  9897.200     0.99934
  9897.300     0.99794
  9897.400     0.99243
  9897.500     0.97779
  9897.600     0.95266
  9897.700     0.92562
  9897.800     0.90798
  9897.900     0.90289
  9898.000     0.91111
  9898.100     0.93373
  9898.200     0.96213
  9898.300     0.98330
  9898.400     0.99327
  9898.500     0.99490
  9898.600     0.98895
  9898.700     0.97297
  9898.800     0.94840
  9898.900     0.92545
  9899.000     0.91479
  9899.100     0.91851
  9899.200     0.93439
  9899.300     0.95777
  9899.400     0.97887
  9899.500     0.98961
  9899.600     0.98951
  9899.700     0.98329
  9899.800     0.97767
  9899.900     0.97792
  9900.000     0.98373
  9900.100     0.99060
  9900.200     0.99511
  9900.300     0.99702
  9900.400     0.99729
  9900.500     0.99543
  9900.600     0.98883
  9900.700     0.97582
  9900.800     0.96151
  9900.900     0.95679
  9901.000     0.96604
  9901.100     0.98098
  9901.200     0.99093
  9901.300     0.99113
  9901.400     0.98048
  9901.500     0.96202
  9901.600     0.94738
  9901.700     0.94891
  9901.800     0.96478
  9901.900     0.98176
  9902.000     0.99091
  9902.100     0.99189
  9902.200     0.98640
  9902.300     0.97625
  9902.400     0.96758
  9902.500     0.96822
  9902.600     0.97812
  9902.700     0.98932
  9902.800     0.99604
  9902.900     0.99862
  9903.000     0.99934
  9903.100     0.99928
  9903.200     0.99844
  9903.300     0.99642
  9903.400     0.99322
  9903.500     0.99006
  9903.600     0.98908
  9903.700     0.99100
  9903.800     0.99409
  9903.900     0.99633
  9904.000     0.99704
  9904.100     0.99600
  9904.200     0.99253
  9904.300     0.98634
  9904.400     0.97989
  9904.500     0.97832
  9904.600     0.98341
  9904.700     0.99054
  9904.800     0.99473
  9904.900     0.99488
  9905.000     0.98995
  9905.100     0.97603
  9905.200     0.95348
  9905.300     0.93529
  9905.400     0.93626
  9905.500     0.95200
  9905.600     0.96373
  9905.700     0.96379
  9905.800     0.96233
  9905.900     0.96923
  9906.000     0.98164
  9906.100     0.99151
  9906.200     0.99616
  9906.300     0.99782
  9906.400     0.99866
  9906.500     0.99924
  9906.600     0.99948
  9906.700     0.99943
  9906.800     0.99937
  9906.900     0.99946
  9907.000     0.99965
  9907.100     0.99981
  9907.200     0.99988
  9907.300     0.99983
  9907.400     0.99963
  9907.500     0.99927
  9907.600     0.99881
  9907.700     0.99842
  9907.800     0.99826
  9907.900     0.99843
  9908.000     0.99885
  9908.100     0.99923
  9908.200     0.99935
  9908.300     0.99931
  9908.400     0.99933
  9908.500     0.99950
  9908.600     0.99972
  9908.700     0.99988
  9908.800     0.99996
  9908.900     0.99997
  9909.000     0.99995
  9909.100     0.99989
  9909.200     0.99978
  9909.300     0.99960
  9909.400     0.99927
  9909.500     0.99877
  9909.600     0.99823
  9909.700     0.99798
  9909.800     0.99818
  9909.900     0.99863
  9910.000     0.99888
  9910.100     0.99836
  9910.200     0.99641
  9910.300     0.99234
  9910.400     0.98521
  9910.500     0.97353
  9910.600     0.95856
  9910.700     0.94899
  9910.800     0.95413
  9910.900     0.97077
  9911.000     0.98674
  9911.100     0.99532
  9911.200     0.99802
  9911.300     0.99832
  9911.400     0.99814
  9911.500     0.99777
  9911.600     0.99595
  9911.700     0.99018
  9911.800     0.97980
  9911.900     0.97011
  9912.000     0.96908
  9912.100     0.97742
  9912.200     0.98760
  9912.300     0.99365
  9912.400     0.99561
  9912.500     0.99545
  9912.600     0.99350
  9912.700     0.98763
  9912.800     0.97365
  9912.900     0.94722
  9913.000     0.91083
  9913.100     0.88075
  9913.200     0.87769
  9913.300     0.90376
  9913.400     0.93964
  9913.500     0.96787
  9913.600     0.98475
  9913.700     0.99278
  9913.800     0.99422
  9913.900     0.99058
  9914.000     0.98469
  9914.100     0.98159
  9914.200     0.98432
  9914.300     0.98988
  9914.400     0.99317
  9914.500     0.99281
  9914.600     0.99133
  9914.700     0.99120
  9914.800     0.99123
  9914.900     0.98672
  9915.000     0.97340
  9915.100     0.95337
  9915.200     0.93783
  9915.300     0.93910
  9915.400     0.95671
  9915.500     0.97742
  9915.600     0.99061
  9915.700     0.99587
  9915.800     0.99714
  9915.900     0.99717
  9916.000     0.99713
  9916.100     0.99745
  9916.200     0.99786
  9916.300     0.99750
  9916.400     0.99564
  9916.500     0.99282
  9916.600     0.99126
  9916.700     0.99246
  9916.800     0.99521
  9916.900     0.99738
  9917.000     0.99834
  9917.100     0.99856
  9917.200     0.99812
  9917.300     0.99659
  9917.400     0.99392
  9917.500     0.99128
  9917.600     0.99068
  9917.700     0.99270
  9917.800     0.99543
  9917.900     0.99675
  9918.000     0.99643
  9918.100     0.99573
  9918.200     0.99581
  9918.300     0.99680
  9918.400     0.99803
  9918.500     0.99896
  9918.600     0.99949
  9918.700     0.99974
  9918.800     0.99984
  9918.900     0.99988
  9919.000     0.99990
  9919.100     0.99990
  9919.200     0.99990
  9919.300     0.99991
  9919.400     0.99992
  9919.500     0.99993
  9919.600     1.00000
  9919.700     1.00000
  9919.800     1.00000
  9919.900     1.00000
  9920.000     1.00000
