the number of points per synthesis =   2401
start =  11560.000     stop =  11800.000     step =      0.100
 11560.000     1.00000
 11560.100     1.00000
 11560.200     1.00000
 11560.300     1.00000
 11560.400     1.00000
 11560.500     0.99852
 11560.600     0.99739
 11560.700     0.99638
 11560.800     0.99611
 11560.900     0.99676
 11561.000     0.99789
 11561.100     0.99890
 11561.200     0.99952
 11561.300     0.99980
 11561.400     0.99991
 11561.500     0.99995
 11561.600     0.99996
 11561.700     0.99993
 11561.800     0.99986
 11561.900     0.99977
 11562.000     0.99968
 11562.100     0.99964
 11562.200     0.99961
 11562.300     0.99955
 11562.400     0.99944
 11562.500     0.99934
 11562.600     0.99936
 11562.700     0.99949
 11562.800     0.99966
 11562.900     0.99980
 11563.000     0.99989
 11563.100     0.99994
 11563.200     0.99997
 11563.300     0.99997
 11563.400     0.99996
 11563.500     0.99994
 11563.600     0.99992
 11563.700     0.99991
 11563.800     0.99990
 11563.900     0.99990
 11564.000     0.99990
 11564.100     0.99987
 11564.200     0.99969
 11564.300     0.99915
 11564.400     0.99788
 11564.500     0.99568
 11564.600     0.99305
 11564.700     0.99109
 11564.800     0.99042
 11564.900     0.98957
 11565.000     0.98459
 11565.100     0.96925
 11565.200     0.93875
 11565.300     0.89823
 11565.400     0.86542
 11565.500     0.85713
 11565.600     0.87210
 11565.700     0.89490
 11565.800     0.91520
 11565.900     0.93458
 11566.000     0.95577
 11566.100     0.97520
 11566.200     0.98830
 11566.300     0.99482
 11566.400     0.99735
 11566.500     0.99817
 11566.600     0.99847
 11566.700     0.99869
 11566.800     0.99884
 11566.900     0.99892
 11567.000     0.99893
 11567.100     0.99896
 11567.200     0.99906
 11567.300     0.99906
 11567.400     0.99866
 11567.500     0.99754
 11567.600     0.99576
 11567.700     0.99401
 11567.800     0.99311
 11567.900     0.99301
 11568.000     0.99252
 11568.100     0.99041
 11568.200     0.98712
 11568.300     0.98489
 11568.400     0.98575
 11568.500     0.98945
 11568.600     0.99387
 11568.700     0.99714
 11568.800     0.99880
 11568.900     0.99935
 11569.000     0.99929
 11569.100     0.99894
 11569.200     0.99855
 11569.300     0.99830
 11569.400     0.99829
 11569.500     0.99847
 11569.600     0.99872
 11569.700     0.99891
 11569.800     0.99903
 11569.900     0.99904
 11570.000     0.99897
 11570.100     0.99888
 11570.200     0.99886
 11570.300     0.99893
 11570.400     0.99900
 11570.500     0.99897
 11570.600     0.99889
 11570.700     0.99884
 11570.800     0.99874
 11570.900     0.99829
 11571.000     0.99696
 11571.100     0.99435
 11571.200     0.99071
 11571.300     0.98740
 11571.400     0.98608
 11571.500     0.98723
 11571.600     0.98950
 11571.700     0.99074
 11571.800     0.98974
 11571.900     0.98646
 11572.000     0.98046
 11572.100     0.96901
 11572.200     0.94727
 11572.300     0.91371
 11572.400     0.87756
 11572.500     0.85704
 11572.600     0.86512
 11572.700     0.89713
 11572.800     0.93555
 11572.900     0.96550
 11573.000     0.98301
 11573.100     0.99137
 11573.200     0.99480
 11573.300     0.99611
 11573.400     0.99675
 11573.500     0.99728
 11573.600     0.99781
 11573.700     0.99829
 11573.800     0.99864
 11573.900     0.99884
 11574.000     0.99894
 11574.100     0.99895
 11574.200     0.99876
 11574.300     0.99807
 11574.400     0.99640
 11574.500     0.99325
 11574.600     0.98823
 11574.700     0.98054
 11574.800     0.96732
 11574.900     0.94539
 11575.000     0.91859
 11575.100     0.90056
 11575.200     0.90388
 11575.300     0.92619
 11575.400     0.95154
 11575.500     0.96613
 11575.600     0.96884
 11575.700     0.96754
 11575.800     0.96928
 11575.900     0.97550
 11576.000     0.98361
 11576.100     0.99068
 11576.200     0.99550
 11576.300     0.99819
 11576.400     0.99935
 11576.500     0.99971
 11576.600     0.99971
 11576.700     0.99950
 11576.800     0.99921
 11576.900     0.99897
 11577.000     0.99892
 11577.100     0.99906
 11577.200     0.99928
 11577.300     0.99939
 11577.400     0.99853
 11577.500     0.99448
 11577.600     0.98286
 11577.700     0.95831
 11577.800     0.92123
 11577.900     0.88502
 11578.000     0.87041
 11578.100     0.88710
 11578.200     0.92360
 11578.300     0.95912
 11578.400     0.98166
 11578.500     0.99214
 11578.600     0.99628
 11578.700     0.99799
 11578.800     0.99889
 11578.900     0.99938
 11579.000     0.99958
 11579.100     0.99963
 11579.200     0.99962
 11579.300     0.99959
 11579.400     0.99948
 11579.500     0.99927
 11579.600     0.99901
 11579.700     0.99856
 11579.800     0.99716
 11579.900     0.99307
 11580.000     0.98373
 11580.100     0.96861
 11580.200     0.95279
 11580.300     0.94535
 11580.400     0.95141
 11580.500     0.96669
 11580.600     0.98202
 11580.700     0.99166
 11580.800     0.99578
 11580.900     0.99714
 11581.000     0.99778
 11581.100     0.99844
 11581.200     0.99901
 11581.300     0.99921
 11581.400     0.99883
 11581.500     0.99762
 11581.600     0.99498
 11581.700     0.99031
 11581.800     0.98442
 11581.900     0.98013
 11582.000     0.98031
 11582.100     0.98492
 11582.200     0.99102
 11582.300     0.99576
 11582.400     0.99829
 11582.500     0.99925
 11582.600     0.99938
 11582.700     0.99914
 11582.800     0.99886
 11582.900     0.99875
 11583.000     0.99887
 11583.100     0.99915
 11583.200     0.99941
 11583.300     0.99955
 11583.400     0.99960
 11583.500     0.99962
 11583.600     0.99966
 11583.700     0.99971
 11583.800     0.99975
 11583.900     0.99976
 11584.000     0.99976
 11584.100     0.99972
 11584.200     0.99960
 11584.300     0.99931
 11584.400     0.99871
 11584.500     0.99772
 11584.600     0.99640
 11584.700     0.99475
 11584.800     0.99232
 11584.900     0.98773
 11585.000     0.97940
 11585.100     0.96724
 11585.200     0.95213
 11585.300     0.93354
 11585.400     0.91238
 11585.500     0.89661
 11585.600     0.89803
 11585.700     0.91956
 11585.800     0.95030
 11585.900     0.97607
 11586.000     0.99094
 11586.100     0.99720
 11586.200     0.99904
 11586.300     0.99910
 11586.400     0.99873
 11586.500     0.99839
 11586.600     0.99822
 11586.700     0.99822
 11586.800     0.99830
 11586.900     0.99843
 11587.000     0.99864
 11587.100     0.99889
 11587.200     0.99914
 11587.300     0.99934
 11587.400     0.99948
 11587.500     0.99955
 11587.600     0.99956
 11587.700     0.99953
 11587.800     0.99946
 11587.900     0.99935
 11588.000     0.99914
 11588.100     0.99835
 11588.200     0.99566
 11588.300     0.98867
 11588.400     0.97448
 11588.500     0.95378
 11588.600     0.93470
 11588.700     0.92874
 11588.800     0.94005
 11588.900     0.96090
 11589.000     0.97983
 11589.100     0.99119
 11589.200     0.99592
 11589.300     0.99664
 11589.400     0.99422
 11589.500     0.98797
 11589.600     0.97639
 11589.700     0.95944
 11589.800     0.94033
 11589.900     0.92292
 11590.000     0.90591
 11590.100     0.88491
 11590.200     0.86377
 11590.300     0.85754
 11590.400     0.87700
 11590.500     0.91446
 11590.600     0.95099
 11590.700     0.97399
 11590.800     0.98241
 11590.900     0.97946
 11591.000     0.96582
 11591.100     0.93918
 11591.200     0.89916
 11591.300     0.85466
 11591.400     0.82464
 11591.500     0.82550
 11591.600     0.85655
 11591.700     0.89969
 11591.800     0.93362
 11591.900     0.94599
 11592.000     0.93508
 11592.100     0.90834
 11592.200     0.88126
 11592.300     0.87085
 11592.400     0.88333
 11592.500     0.90931
 11592.600     0.93338
 11592.700     0.94626
 11592.800     0.94655
 11592.900     0.93601
 11593.000     0.91662
 11593.100     0.88705
 11593.200     0.83853
 11593.300     0.76221
 11593.400     0.66694
 11593.500     0.58701
 11593.600     0.56271
 11593.700     0.60943
 11593.800     0.70552
 11593.900     0.80989
 11594.000     0.89004
 11594.100     0.93541
 11594.200     0.95014
 11594.300     0.94217
 11594.400     0.92243
 11594.500     0.90714
 11594.600     0.91001
 11594.700     0.93106
 11594.800     0.95778
 11594.900     0.97809
 11595.000     0.98887
 11595.100     0.99333
 11595.200     0.99498
 11595.300     0.99567
 11595.400     0.99604
 11595.500     0.99599
 11595.600     0.99559
 11595.700     0.99527
 11595.800     0.99551
 11595.900     0.99639
 11596.000     0.99756
 11596.100     0.99858
 11596.200     0.99922
 11596.300     0.99944
 11596.400     0.99912
 11596.500     0.99797
 11596.600     0.99547
 11596.700     0.99165
 11596.800     0.98788
 11596.900     0.98634
 11597.000     0.98810
 11597.100     0.99193
 11597.200     0.99563
 11597.300     0.99799
 11597.400     0.99910
 11597.500     0.99955
 11597.600     0.99972
 11597.700     0.99981
 11597.800     0.99986
 11597.900     0.99989
 11598.000     0.99989
 11598.100     0.99988
 11598.200     0.99986
 11598.300     0.99984
 11598.400     0.99983
 11598.500     0.99984
 11598.600     0.99983
 11598.700     0.99980
 11598.800     0.99973
 11598.900     0.99961
 11599.000     0.99946
 11599.100     0.99930
 11599.200     0.99920
 11599.300     0.99924
 11599.400     0.99938
 11599.500     0.99952
 11599.600     0.99941
 11599.700     0.99880
 11599.800     0.99725
 11599.900     0.99434
 11600.000     0.98971
 11600.100     0.98280
 11600.200     0.97117
 11600.300     0.95118
 11600.400     0.92472
 11600.500     0.90392
 11600.600     0.90309
 11600.700     0.92398
 11600.800     0.95362
 11600.900     0.97761
 11601.000     0.99092
 11601.100     0.99641
 11601.200     0.99803
 11601.300     0.99807
 11601.400     0.99759
 11601.500     0.99684
 11601.600     0.99598
 11601.700     0.99538
 11601.800     0.99541
 11601.900     0.99611
 11602.000     0.99712
 11602.100     0.99805
 11602.200     0.99872
 11602.300     0.99909
 11602.400     0.99893
 11602.500     0.99779
 11602.600     0.99493
 11602.700     0.99017
 11602.800     0.98503
 11602.900     0.98231
 11603.000     0.98295
 11603.100     0.98334
 11603.200     0.97609
 11603.300     0.95405
 11603.400     0.91824
 11603.500     0.88351
 11603.600     0.87096
 11603.700     0.88930
 11603.800     0.92609
 11603.900     0.96075
 11604.000     0.98217
 11604.100     0.99191
 11604.200     0.99577
 11604.300     0.99756
 11604.400     0.99869
 11604.500     0.99941
 11604.600     0.99973
 11604.700     0.99979
 11604.800     0.99961
 11604.900     0.99914
 11605.000     0.99836
 11605.100     0.99735
 11605.200     0.99630
 11605.300     0.99532
 11605.400     0.99438
 11605.500     0.99349
 11605.600     0.99273
 11605.700     0.99214
 11605.800     0.99159
 11605.900     0.99076
 11606.000     0.98888
 11606.100     0.98461
 11606.200     0.97588
 11606.300     0.96135
 11606.400     0.94376
 11606.500     0.93040
 11606.600     0.92731
 11606.700     0.93251
 11606.800     0.93705
 11606.900     0.93143
 11607.000     0.90918
 11607.100     0.86422
 11607.200     0.79055
 11607.300     0.69069
 11607.400     0.58499
 11607.500     0.50905
 11607.600     0.49456
 11607.700     0.54794
 11607.800     0.64572
 11607.900     0.75082
 11608.000     0.83523
 11608.100     0.89024
 11608.200     0.92172
 11608.300     0.93963
 11608.400     0.95134
 11608.500     0.96015
 11608.600     0.96650
 11608.700     0.97045
 11608.800     0.97265
 11608.900     0.97394
 11609.000     0.97477
 11609.100     0.97517
 11609.200     0.97479
 11609.300     0.97281
 11609.400     0.96778
 11609.500     0.95785
 11609.600     0.94344
 11609.700     0.92971
 11609.800     0.92409
 11609.900     0.92850
 11610.000     0.93464
 11610.100     0.92767
 11610.200     0.89395
 11610.300     0.83019
 11610.400     0.75122
 11610.500     0.68853
 11610.600     0.66918
 11610.700     0.69067
 11610.800     0.72293
 11610.900     0.74003
 11611.000     0.74548
 11611.100     0.76164
 11611.200     0.80060
 11611.300     0.85220
 11611.400     0.89597
 11611.500     0.91727
 11611.600     0.91423
 11611.700     0.89843
 11611.800     0.88864
 11611.900     0.89766
 11612.000     0.92289
 11612.100     0.95155
 11612.200     0.97330
 11612.300     0.98593
 11612.400     0.99207
 11612.500     0.99459
 11612.600     0.99508
 11612.700     0.99376
 11612.800     0.99002
 11612.900     0.98384
 11613.000     0.97736
 11613.100     0.97443
 11613.200     0.97732
 11613.300     0.98427
 11613.400     0.99132
 11613.500     0.99598
 11613.600     0.99818
 11613.700     0.99893
 11613.800     0.99900
 11613.900     0.99886
 11614.000     0.99871
 11614.100     0.99860
 11614.200     0.99855
 11614.300     0.99855
 11614.400     0.99860
 11614.500     0.99872
 11614.600     0.99889
 11614.700     0.99897
 11614.800     0.99872
 11614.900     0.99790
 11615.000     0.99650
 11615.100     0.99468
 11615.200     0.99180
 11615.300     0.98538
 11615.400     0.97024
 11615.500     0.94162
 11615.600     0.90411
 11615.700     0.87540
 11615.800     0.87416
 11615.900     0.90169
 11616.000     0.94062
 11616.100     0.97217
 11616.200     0.98979
 11616.300     0.99706
 11616.400     0.99919
 11616.500     0.99917
 11616.600     0.99795
 11616.700     0.99507
 11616.800     0.99035
 11616.900     0.98521
 11617.000     0.98191
 11617.100     0.98077
 11617.200     0.97811
 11617.300     0.96952
 11617.400     0.95627
 11617.500     0.94658
 11617.600     0.94821
 11617.700     0.96022
 11617.800     0.97447
 11617.900     0.98417
 11618.000     0.98871
 11618.100     0.99110
 11618.200     0.99342
 11618.300     0.99583
 11618.400     0.99771
 11618.500     0.99869
 11618.600     0.99885
 11618.700     0.99826
 11618.800     0.99660
 11618.900     0.99322
 11619.000     0.98767
 11619.100     0.98062
 11619.200     0.97446
 11619.300     0.97217
 11619.400     0.97505
 11619.500     0.98154
 11619.600     0.98856
 11619.700     0.99385
 11619.800     0.99688
 11619.900     0.99825
 11620.000     0.99842
 11620.100     0.99719
 11620.200     0.99356
 11620.300     0.98635
 11620.400     0.97646
 11620.500     0.96824
 11620.600     0.96687
 11620.700     0.97322
 11620.800     0.98287
 11620.900     0.99073
 11621.000     0.99502
 11621.100     0.99683
 11621.200     0.99764
 11621.300     0.99821
 11621.400     0.99877
 11621.500     0.99924
 11621.600     0.99956
 11621.700     0.99972
 11621.800     0.99971
 11621.900     0.99941
 11622.000     0.99861
 11622.100     0.99715
 11622.200     0.99535
 11622.300     0.99406
 11622.400     0.99403
 11622.500     0.99512
 11622.600     0.99652
 11622.700     0.99757
 11622.800     0.99821
 11622.900     0.99867
 11623.000     0.99905
 11623.100     0.99938
 11623.200     0.99964
 11623.300     0.99979
 11623.400     0.99983
 11623.500     0.99975
 11623.600     0.99958
 11623.700     0.99942
 11623.800     0.99934
 11623.900     0.99931
 11624.000     0.99928
 11624.100     0.99915
 11624.200     0.99893
 11624.300     0.99867
 11624.400     0.99844
 11624.500     0.99823
 11624.600     0.99795
 11624.700     0.99759
 11624.800     0.99719
 11624.900     0.99686
 11625.000     0.99676
 11625.100     0.99708
 11625.200     0.99782
 11625.300     0.99868
 11625.400     0.99934
 11625.500     0.99968
 11625.600     0.99969
 11625.700     0.99928
 11625.800     0.99812
 11625.900     0.99585
 11626.000     0.99216
 11626.100     0.98661
 11626.200     0.97721
 11626.300     0.96005
 11626.400     0.93477
 11626.500     0.91091
 11626.600     0.90356
 11626.700     0.91886
 11626.800     0.94718
 11626.900     0.97314
 11627.000     0.98851
 11627.100     0.99396
 11627.200     0.99283
 11627.300     0.98766
 11627.400     0.98129
 11627.500     0.97726
 11627.600     0.97809
 11627.700     0.98305
 11627.800     0.98873
 11627.900     0.99187
 11628.000     0.99108
 11628.100     0.98674
 11628.200     0.98069
 11628.300     0.97530
 11628.400     0.97142
 11628.500     0.96747
 11628.600     0.96182
 11628.700     0.95588
 11628.800     0.95363
 11628.900     0.95781
 11629.000     0.96730
 11629.100     0.97817
 11629.200     0.98606
 11629.300     0.98722
 11629.400     0.97764
 11629.500     0.95341
 11629.600     0.91708
 11629.700     0.88342
 11629.800     0.87215
 11629.900     0.89047
 11630.000     0.92602
 11630.100     0.95965
 11630.200     0.98106
 11630.300     0.99098
 11630.400     0.99311
 11630.500     0.98840
 11630.600     0.97437
 11630.700     0.94960
 11630.800     0.92119
 11630.900     0.90462
 11631.000     0.91109
 11631.100     0.93607
 11631.200     0.96422
 11631.300     0.98400
 11631.400     0.99392
 11631.500     0.99783
 11631.600     0.99904
 11631.700     0.99927
 11631.800     0.99907
 11631.900     0.99847
 11632.000     0.99759
 11632.100     0.99668
 11632.200     0.99593
 11632.300     0.99542
 11632.400     0.99526
 11632.500     0.99561
 11632.600     0.99635
 11632.700     0.99713
 11632.800     0.99742
 11632.900     0.99628
 11633.000     0.99194
 11633.100     0.98224
 11633.200     0.96773
 11633.300     0.95435
 11633.400     0.95033
 11633.500     0.95850
 11633.600     0.97322
 11633.700     0.98623
 11633.800     0.99358
 11633.900     0.99632
 11634.000     0.99704
 11634.100     0.99740
 11634.200     0.99792
 11634.300     0.99832
 11634.400     0.99836
 11634.500     0.99817
 11634.600     0.99811
 11634.700     0.99832
 11634.800     0.99862
 11634.900     0.99856
 11635.000     0.99794
 11635.100     0.99701
 11635.200     0.99645
 11635.300     0.99671
 11635.400     0.99762
 11635.500     0.99853
 11635.600     0.99895
 11635.700     0.99877
 11635.800     0.99824
 11635.900     0.99763
 11636.000     0.99711
 11636.100     0.99669
 11636.200     0.99630
 11636.300     0.99589
 11636.400     0.99541
 11636.500     0.99486
 11636.600     0.99420
 11636.700     0.99341
 11636.800     0.99243
 11636.900     0.99121
 11637.000     0.98970
 11637.100     0.98775
 11637.200     0.98516
 11637.300     0.98156
 11637.400     0.97637
 11637.500     0.96843
 11637.600     0.95486
 11637.700     0.93028
 11637.800     0.88557
 11637.900     0.81149
 11638.000     0.70969
 11638.100     0.60212
 11638.200     0.52627
 11638.300     0.51182
 11638.400     0.55934
 11638.500     0.64285
 11638.600     0.73223
 11638.700     0.81117
 11638.800     0.87506
 11638.900     0.92239
 11639.000     0.95296
 11639.100     0.96992
 11639.200     0.97880
 11639.300     0.98360
 11639.400     0.98647
 11639.500     0.98842
 11639.600     0.98966
 11639.700     0.99013
 11639.800     0.98958
 11639.900     0.98784
 11640.000     0.98523
 11640.100     0.98288
 11640.200     0.98199
 11640.300     0.98222
 11640.400     0.98070
 11640.500     0.97254
 11640.600     0.95274
 11640.700     0.92028
 11640.800     0.88353
 11640.900     0.85944
 11641.000     0.86189
 11641.100     0.88926
 11641.200     0.92554
 11641.300     0.95306
 11641.400     0.96164
 11641.500     0.94803
 11641.600     0.91614
 11641.700     0.88110
 11641.800     0.86489
 11641.900     0.87958
 11642.000     0.91610
 11642.100     0.95401
 11642.200     0.97963
 11642.300     0.99219
 11642.400     0.99701
 11642.500     0.99854
 11642.600     0.99902
 11642.700     0.99925
 11642.800     0.99933
 11642.900     0.99925
 11643.000     0.99895
 11643.100     0.99839
 11643.200     0.99773
 11643.300     0.99732
 11643.400     0.99746
 11643.500     0.99807
 11643.600     0.99879
 11643.700     0.99908
 11643.800     0.99804
 11643.900     0.99420
 11644.000     0.98539
 11644.100     0.97120
 11644.200     0.95622
 11644.300     0.94887
 11644.400     0.95416
 11644.500     0.96842
 11644.600     0.98322
 11644.700     0.99306
 11644.800     0.99773
 11644.900     0.99942
 11645.000     0.99982
 11645.100     0.99979
 11645.200     0.99951
 11645.300     0.99876
 11645.400     0.99735
 11645.500     0.99554
 11645.600     0.99425
 11645.700     0.99432
 11645.800     0.99571
 11645.900     0.99750
 11646.000     0.99885
 11646.100     0.99953
 11646.200     0.99975
 11646.300     0.99972
 11646.400     0.99946
 11646.500     0.99883
 11646.600     0.99747
 11646.700     0.99492
 11646.800     0.99115
 11646.900     0.98741
 11647.000     0.98582
 11647.100     0.98751
 11647.200     0.99135
 11647.300     0.99506
 11647.400     0.99720
 11647.500     0.99756
 11647.600     0.99636
 11647.700     0.99377
 11647.800     0.99029
 11647.900     0.98697
 11648.000     0.98478
 11648.100     0.98412
 11648.200     0.98476
 11648.300     0.98622
 11648.400     0.98782
 11648.500     0.98850
 11648.600     0.98734
 11648.700     0.98433
 11648.800     0.98042
 11648.900     0.97708
 11649.000     0.97568
 11649.100     0.97701
 11649.200     0.98077
 11649.300     0.98556
 11649.400     0.98977
 11649.500     0.99248
 11649.600     0.99378
 11649.700     0.99435
 11649.800     0.99487
 11649.900     0.99563
 11650.000     0.99618
 11650.100     0.99569
 11650.200     0.99346
 11650.300     0.98981
 11650.400     0.98642
 11650.500     0.98540
 11650.600     0.98743
 11650.700     0.99111
 11650.800     0.99453
 11650.900     0.99681
 11651.000     0.99812
 11651.100     0.99888
 11651.200     0.99929
 11651.300     0.99950
 11651.400     0.99958
 11651.500     0.99957
 11651.600     0.99943
 11651.700     0.99910
 11651.800     0.99867
 11651.900     0.99835
 11652.000     0.99832
 11652.100     0.99852
 11652.200     0.99857
 11652.300     0.99788
 11652.400     0.99574
 11652.500     0.99139
 11652.600     0.98453
 11652.700     0.97548
 11652.800     0.96441
 11652.900     0.94943
 11653.000     0.92891
 11653.100     0.90793
 11653.200     0.89885
 11653.300     0.91049
 11653.400     0.93770
 11653.500     0.96611
 11653.600     0.98541
 11653.700     0.99474
 11653.800     0.99812
 11653.900     0.99890
 11654.000     0.99889
 11654.100     0.99874
 11654.200     0.99849
 11654.300     0.99809
 11654.400     0.99753
 11654.500     0.99683
 11654.600     0.99601
 11654.700     0.99490
 11654.800     0.99308
 11654.900     0.99010
 11655.000     0.98601
 11655.100     0.98193
 11655.200     0.97972
 11655.300     0.98058
 11655.400     0.98391
 11655.500     0.98792
 11655.600     0.99115
 11655.700     0.99320
 11655.800     0.99442
 11655.900     0.99516
 11656.000     0.99476
 11656.100     0.99086
 11656.200     0.97884
 11656.300     0.95394
 11656.400     0.91856
 11656.500     0.88761
 11656.600     0.87992
 11656.700     0.90069
 11656.800     0.93593
 11656.900     0.96672
 11657.000     0.98449
 11657.100     0.99190
 11657.200     0.99448
 11657.300     0.99563
 11657.400     0.99654
 11657.500     0.99726
 11657.600     0.99771
 11657.700     0.99785
 11657.800     0.99767
 11657.900     0.99727
 11658.000     0.99690
 11658.100     0.99667
 11658.200     0.99628
 11658.300     0.99496
 11658.400     0.99174
 11658.500     0.98590
 11658.600     0.97788
 11658.700     0.96998
 11658.800     0.96549
 11658.900     0.96645
 11659.000     0.97175
 11659.100     0.97772
 11659.200     0.98030
 11659.300     0.97685
 11659.400     0.96712
 11659.500     0.95396
 11659.600     0.94300
 11659.700     0.93994
 11659.800     0.94662
 11659.900     0.95980
 11660.000     0.97388
 11660.100     0.98481
 11660.200     0.99146
 11660.300     0.99429
 11660.400     0.99351
 11660.500     0.98812
 11660.600     0.97708
 11660.700     0.96286
 11660.800     0.95264
 11660.900     0.95323
 11661.000     0.96422
 11661.100     0.97826
 11661.200     0.98824
 11661.300     0.99222
 11661.400     0.99250
 11661.500     0.99214
 11661.600     0.99292
 11661.700     0.99479
 11661.800     0.99663
 11661.900     0.99765
 11662.000     0.99769
 11662.100     0.99650
 11662.200     0.99300
 11662.300     0.98513
 11662.400     0.97081
 11662.500     0.95149
 11662.600     0.93471
 11662.700     0.92993
 11662.800     0.93986
 11662.900     0.95772
 11663.000     0.97434
 11663.100     0.98547
 11663.200     0.99185
 11663.300     0.99542
 11663.400     0.99737
 11663.500     0.99843
 11663.600     0.99900
 11663.700     0.99929
 11663.800     0.99944
 11663.900     0.99950
 11664.000     0.99946
 11664.100     0.99927
 11664.200     0.99886
 11664.300     0.99829
 11664.400     0.99779
 11664.500     0.99769
 11664.600     0.99805
 11664.700     0.99866
 11664.800     0.99919
 11664.900     0.99948
 11665.000     0.99954
 11665.100     0.99946
 11665.200     0.99931
 11665.300     0.99918
 11665.400     0.99902
 11665.500     0.99810
 11665.600     0.99450
 11665.700     0.98467
 11665.800     0.96466
 11665.900     0.93555
 11666.000     0.90790
 11666.100     0.89606
 11666.200     0.90531
 11666.300     0.92753
 11666.400     0.95073
 11666.500     0.96878
 11666.600     0.98136
 11666.700     0.98948
 11666.800     0.99399
 11666.900     0.99578
 11667.000     0.99554
 11667.100     0.99398
 11667.200     0.99210
 11667.300     0.99056
 11667.400     0.98938
 11667.500     0.98863
 11667.600     0.98872
 11667.700     0.98986
 11667.800     0.99146
 11667.900     0.99187
 11668.000     0.98841
 11668.100     0.97646
 11668.200     0.95125
 11668.300     0.91529
 11668.400     0.88361
 11668.500     0.87472
 11668.600     0.89313
 11668.700     0.92529
 11668.800     0.95420
 11668.900     0.97272
 11669.000     0.98217
 11669.100     0.98418
 11669.200     0.97784
 11669.300     0.96126
 11669.400     0.93479
 11669.500     0.90566
 11669.600     0.88753
 11669.700     0.89107
 11669.800     0.91418
 11669.900     0.94408
 11670.000     0.96845
 11670.100     0.98280
 11670.200     0.98867
 11670.300     0.98899
 11670.400     0.98663
 11670.500     0.98454
 11670.600     0.98490
 11670.700     0.98793
 11670.800     0.99201
 11670.900     0.99540
 11671.000     0.99745
 11671.100     0.99823
 11671.200     0.99737
 11671.300     0.99366
 11671.400     0.98520
 11671.500     0.97169
 11671.600     0.95768
 11671.700     0.95118
 11671.800     0.95671
 11671.900     0.97048
 11672.000     0.98446
 11672.100     0.99355
 11672.200     0.99769
 11672.300     0.99891
 11672.400     0.99884
 11672.500     0.99850
 11672.600     0.99840
 11672.700     0.99865
 11672.800     0.99908
 11672.900     0.99946
 11673.000     0.99966
 11673.100     0.99969
 11673.200     0.99960
 11673.300     0.99935
 11673.400     0.99885
 11673.500     0.99784
 11673.600     0.99593
 11673.700     0.99287
 11673.800     0.98891
 11673.900     0.98483
 11674.000     0.98168
 11674.100     0.98058
 11674.200     0.98225
 11674.300     0.98622
 11674.400     0.99097
 11674.500     0.99489
 11674.600     0.99718
 11674.700     0.99786
 11674.800     0.99714
 11674.900     0.99551
 11675.000     0.99396
 11675.100     0.99362
 11675.200     0.99481
 11675.300     0.99673
 11675.400     0.99829
 11675.500     0.99901
 11675.600     0.99894
 11675.700     0.99834
 11675.800     0.99745
 11675.900     0.99648
 11676.000     0.99524
 11676.100     0.99349
 11676.200     0.99164
 11676.300     0.99082
 11676.400     0.99172
 11676.500     0.99376
 11676.600     0.99580
 11676.700     0.99726
 11676.800     0.99824
 11676.900     0.99895
 11677.000     0.99941
 11677.100     0.99966
 11677.200     0.99975
 11677.300     0.99976
 11677.400     0.99968
 11677.500     0.99941
 11677.600     0.99877
 11677.700     0.99748
 11677.800     0.99555
 11677.900     0.99356
 11678.000     0.99245
 11678.100     0.99273
 11678.200     0.99406
 11678.300     0.99572
 11678.400     0.99714
 11678.500     0.99799
 11678.600     0.99808
 11678.700     0.99752
 11678.800     0.99678
 11678.900     0.99649
 11679.000     0.99694
 11679.100     0.99783
 11679.200     0.99867
 11679.300     0.99910
 11679.400     0.99913
 11679.500     0.99881
 11679.600     0.99809
 11679.700     0.99674
 11679.800     0.99455
 11679.900     0.99133
 11680.000     0.98619
 11680.100     0.97606
 11680.200     0.95700
 11680.300     0.93111
 11680.400     0.91056
 11680.500     0.90932
 11680.600     0.92902
 11680.700     0.95718
 11680.800     0.98003
 11680.900     0.99270
 11681.000     0.99769
 11681.100     0.99838
 11681.200     0.99618
 11681.300     0.99084
 11681.400     0.98244
 11681.500     0.97391
 11681.600     0.97006
 11681.700     0.97303
 11681.800     0.98004
 11681.900     0.98682
 11682.000     0.99156
 11682.100     0.99478
 11682.200     0.99712
 11682.300     0.99859
 11682.400     0.99936
 11682.500     0.99968
 11682.600     0.99974
 11682.700     0.99961
 11682.800     0.99922
 11682.900     0.99840
 11683.000     0.99717
 11683.100     0.99599
 11683.200     0.99554
 11683.300     0.99599
 11683.400     0.99604
 11683.500     0.99276
 11683.600     0.98153
 11683.700     0.95772
 11683.800     0.92335
 11683.900     0.89237
 11684.000     0.88334
 11684.100     0.90223
 11684.200     0.93615
 11684.300     0.96657
 11684.400     0.98461
 11684.500     0.99256
 11684.600     0.99576
 11684.700     0.99741
 11684.800     0.99859
 11684.900     0.99935
 11685.000     0.99967
 11685.100     0.99967
 11685.200     0.99936
 11685.300     0.99880
 11685.400     0.99808
 11685.500     0.99731
 11685.600     0.99631
 11685.700     0.99440
 11685.800     0.99120
 11685.900     0.98778
 11686.000     0.98634
 11686.100     0.98805
 11686.200     0.99182
 11686.300     0.99541
 11686.400     0.99754
 11686.500     0.99833
 11686.600     0.99853
 11686.700     0.99863
 11686.800     0.99874
 11686.900     0.99880
 11687.000     0.99882
 11687.100     0.99888
 11687.200     0.99892
 11687.300     0.99868
 11687.400     0.99795
 11687.500     0.99673
 11687.600     0.99530
 11687.700     0.99403
 11687.800     0.99317
 11687.900     0.99273
 11688.000     0.99255
 11688.100     0.99241
 11688.200     0.99212
 11688.300     0.99145
 11688.400     0.98979
 11688.500     0.98597
 11688.600     0.97808
 11688.700     0.96475
 11688.800     0.94808
 11688.900     0.93440
 11689.000     0.92965
 11689.100     0.93322
 11689.200     0.93773
 11689.300     0.93393
 11689.400     0.91441
 11689.500     0.87208
 11689.600     0.80033
 11689.700     0.70079
 11689.800     0.59213
 11689.900     0.50675
 11690.000     0.47188
 11690.100     0.49435
 11690.200     0.56209
 11690.300     0.65516
 11690.400     0.75288
 11690.500     0.83670
 11690.600     0.89580
 11690.700     0.93036
 11690.800     0.94787
 11690.900     0.95634
 11691.000     0.96075
 11691.100     0.96418
 11691.200     0.96855
 11691.300     0.97440
 11691.400     0.98069
 11691.500     0.98586
 11691.600     0.98929
 11691.700     0.99134
 11691.800     0.99261
 11691.900     0.99342
 11692.000     0.99393
 11692.100     0.99416
 11692.200     0.99419
 11692.300     0.99429
 11692.400     0.99486
 11692.500     0.99597
 11692.600     0.99720
 11692.700     0.99786
 11692.800     0.99746
 11692.900     0.99578
 11693.000     0.99317
 11693.100     0.99068
 11693.200     0.98967
 11693.300     0.99065
 11693.400     0.99273
 11693.500     0.99415
 11693.600     0.99289
 11693.700     0.98658
 11693.800     0.97197
 11693.900     0.94824
 11694.000     0.92279
 11694.100     0.90980
 11694.200     0.91839
 11694.300     0.94303
 11694.400     0.96930
 11694.500     0.98709
 11694.600     0.99547
 11694.700     0.99799
 11694.800     0.99763
 11694.900     0.99616
 11695.000     0.99473
 11695.100     0.99386
 11695.200     0.99256
 11695.300     0.98752
 11695.400     0.97327
 11695.500     0.94574
 11695.600     0.91025
 11695.700     0.88395
 11695.800     0.88386
 11695.900     0.91024
 11696.000     0.94641
 11696.100     0.97521
 11696.200     0.99105
 11696.300     0.99749
 11696.400     0.99940
 11696.500     0.99966
 11696.600     0.99956
 11696.700     0.99931
 11696.800     0.99896
 11696.900     0.99865
 11697.000     0.99856
 11697.100     0.99865
 11697.200     0.99873
 11697.300     0.99869
 11697.400     0.99861
 11697.500     0.99869
 11697.600     0.99892
 11697.700     0.99917
 11697.800     0.99933
 11697.900     0.99939
 11698.000     0.99932
 11698.100     0.99904
 11698.200     0.99836
 11698.300     0.99722
 11698.400     0.99590
 11698.500     0.99501
 11698.600     0.99504
 11698.700     0.99591
 11698.800     0.99704
 11698.900     0.99788
 11699.000     0.99819
 11699.100     0.99792
 11699.200     0.99666
 11699.300     0.99327
 11699.400     0.98537
 11699.500     0.97083
 11699.600     0.95045
 11699.700     0.92873
 11699.800     0.91017
 11699.900     0.89443
 11700.000     0.87793
 11700.100     0.86167
 11700.200     0.85497
 11700.300     0.86769
 11700.400     0.89866
 11700.500     0.93543
 11700.600     0.96507
 11700.700     0.98296
 11700.800     0.99162
 11700.900     0.99514
 11701.000     0.99639
 11701.100     0.99690
 11701.200     0.99728
 11701.300     0.99773
 11701.400     0.99823
 11701.500     0.99869
 11701.600     0.99901
 11701.700     0.99918
 11701.800     0.99920
 11701.900     0.99907
 11702.000     0.99878
 11702.100     0.99842
 11702.200     0.99811
 11702.300     0.99778
 11702.400     0.99705
 11702.500     0.99555
 11702.600     0.99339
 11702.700     0.99121
 11702.800     0.98970
 11702.900     0.98944
 11703.000     0.99072
 11703.100     0.99321
 11703.200     0.99596
 11703.300     0.99806
 11703.400     0.99921
 11703.500     0.99970
 11703.600     0.99985
 11703.700     0.99988
 11703.800     0.99989
 11703.900     0.99990
 11704.000     0.99992
 11704.100     0.99995
 11704.200     0.99998
 11704.300     0.99999
 11704.400     1.00000
 11704.500     1.00000
 11704.600     0.99999
 11704.700     0.99997
 11704.800     0.99994
 11704.900     0.99991
 11705.000     0.99988
 11705.100     0.99987
 11705.200     0.99986
 11705.300     0.99982
 11705.400     0.99973
 11705.500     0.99961
 11705.600     0.99952
 11705.700     0.99941
 11705.800     0.99907
 11705.900     0.99808
 11706.000     0.99589
 11706.100     0.99221
 11706.200     0.98783
 11706.300     0.98465
 11706.400     0.98439
 11706.500     0.98684
 11706.600     0.99013
 11706.700     0.99268
 11706.800     0.99431
 11706.900     0.99564
 11707.000     0.99701
 11707.100     0.99825
 11707.200     0.99910
 11707.300     0.99944
 11707.400     0.99924
 11707.500     0.99834
 11707.600     0.99657
 11707.700     0.99396
 11707.800     0.99030
 11707.900     0.98405
 11708.000     0.97125
 11708.100     0.94924
 11708.200     0.92384
 11708.300     0.90922
 11708.400     0.91591
 11708.500     0.93966
 11708.600     0.96611
 11708.700     0.98451
 11708.800     0.99363
 11708.900     0.99726
 11709.000     0.99858
 11709.100     0.99915
 11709.200     0.99943
 11709.300     0.99942
 11709.400     0.99903
 11709.500     0.99822
 11709.600     0.99694
 11709.700     0.99521
 11709.800     0.99337
 11709.900     0.99230
 11710.000     0.99277
 11710.100     0.99458
 11710.200     0.99662
 11710.300     0.99788
 11710.400     0.99819
 11710.500     0.99808
 11710.600     0.99813
 11710.700     0.99852
 11710.800     0.99908
 11710.900     0.99953
 11711.000     0.99976
 11711.100     0.99984
 11711.200     0.99980
 11711.300     0.99957
 11711.400     0.99843
 11711.500     0.99432
 11711.600     0.98354
 11711.700     0.96166
 11711.800     0.92892
 11711.900     0.89622
 11712.000     0.88095
 11712.100     0.89187
 11712.200     0.92023
 11712.300     0.94928
 11712.400     0.96895
 11712.500     0.97925
 11712.600     0.98427
 11712.700     0.98738
 11712.800     0.99034
 11712.900     0.99327
 11713.000     0.99553
 11713.100     0.99699
 11713.200     0.99798
 11713.300     0.99871
 11713.400     0.99923
 11713.500     0.99956
 11713.600     0.99975
 11713.700     0.99983
 11713.800     0.99985
 11713.900     0.99983
 11714.000     0.99982
 11714.100     0.99978
 11714.200     0.99958
 11714.300     0.99889
 11714.400     0.99715
 11714.500     0.99378
 11714.600     0.98924
 11714.700     0.98535
 11714.800     0.98410
 11714.900     0.98563
 11715.000     0.98806
 11715.100     0.98892
 11715.200     0.98626
 11715.300     0.98008
 11715.400     0.97356
 11715.500     0.97156
 11715.600     0.97614
 11715.700     0.98450
 11715.800     0.99214
 11715.900     0.99679
 11716.000     0.99887
 11716.100     0.99960
 11716.200     0.99978
 11716.300     0.99983
 11716.400     0.99986
 11716.500     0.99987
 11716.600     0.99985
 11716.700     0.99974
 11716.800     0.99944
 11716.900     0.99883
 11717.000     0.99792
 11717.100     0.99659
 11717.200     0.99439
 11717.300     0.98990
 11717.400     0.98125
 11717.500     0.96911
 11717.600     0.95883
 11717.700     0.95718
 11717.800     0.96561
 11717.900     0.97856
 11718.000     0.98908
 11718.100     0.99416
 11718.200     0.99465
 11718.300     0.99269
 11718.400     0.99047
 11718.500     0.98981
 11718.600     0.99120
 11718.700     0.99378
 11718.800     0.99628
 11718.900     0.99802
 11719.000     0.99900
 11719.100     0.99948
 11719.200     0.99967
 11719.300     0.99970
 11719.400     0.99963
 11719.500     0.99947
 11719.600     0.99922
 11719.700     0.99895
 11719.800     0.99879
 11719.900     0.99884
 11720.000     0.99908
 11720.100     0.99938
 11720.200     0.99958
 11720.300     0.99958
 11720.400     0.99937
 11720.500     0.99902
 11720.600     0.99872
 11720.700     0.99860
 11720.800     0.99856
 11720.900     0.99842
 11721.000     0.99814
 11721.100     0.99799
 11721.200     0.99821
 11721.300     0.99872
 11721.400     0.99925
 11721.500     0.99955
 11721.600     0.99956
 11721.700     0.99931
 11721.800     0.99895
 11721.900     0.99869
 11722.000     0.99872
 11722.100     0.99889
 11722.200     0.99833
 11722.300     0.99513
 11722.400     0.98600
 11722.500     0.96752
 11722.600     0.94142
 11722.700     0.91854
 11722.800     0.91268
 11722.900     0.92761
 11723.000     0.95295
 11723.100     0.97404
 11723.200     0.98209
 11723.300     0.97399
 11723.400     0.94938
 11723.500     0.91518
 11723.600     0.88870
 11723.700     0.88704
 11723.800     0.91117
 11723.900     0.94536
 11724.000     0.97288
 11724.100     0.98797
 11724.200     0.99356
 11724.300     0.99389
 11724.400     0.99203
 11724.500     0.99048
 11724.600     0.99072
 11724.700     0.99278
 11724.800     0.99548
 11724.900     0.99756
 11725.000     0.99822
 11725.100     0.99680
 11725.200     0.99208
 11725.300     0.98274
 11725.400     0.97014
 11725.500     0.95989
 11725.600     0.95846
 11725.700     0.96682
 11725.800     0.97945
 11725.900     0.98996
 11726.000     0.99590
 11726.100     0.99830
 11726.200     0.99881
 11726.300     0.99848
 11726.400     0.99798
 11726.500     0.99762
 11726.600     0.99756
 11726.700     0.99763
 11726.800     0.99741
 11726.900     0.99636
 11727.000     0.99399
 11727.100     0.99048
 11727.200     0.98717
 11727.300     0.98575
 11727.400     0.98636
 11727.500     0.98729
 11727.600     0.98717
 11727.700     0.98664
 11727.800     0.98703
 11727.900     0.98798
 11728.000     0.98706
 11728.100     0.98114
 11728.200     0.96948
 11728.300     0.95632
 11728.400     0.94940
 11728.500     0.95345
 11728.600     0.96572
 11728.700     0.97924
 11728.800     0.98910
 11728.900     0.99469
 11729.000     0.99747
 11729.100     0.99874
 11729.200     0.99920
 11729.300     0.99911
 11729.400     0.99859
 11729.500     0.99782
 11729.600     0.99721
 11729.700     0.99714
 11729.800     0.99764
 11729.900     0.99841
 11730.000     0.99908
 11730.100     0.99949
 11730.200     0.99970
 11730.300     0.99979
 11730.400     0.99984
 11730.500     0.99987
 11730.600     0.99986
 11730.700     0.99978
 11730.800     0.99955
 11730.900     0.99908
 11731.000     0.99825
 11731.100     0.99687
 11731.200     0.99498
 11731.300     0.99327
 11731.400     0.99281
 11731.500     0.99399
 11731.600     0.99603
 11731.700     0.99768
 11731.800     0.99818
 11731.900     0.99751
 11732.000     0.99616
 11732.100     0.99500
 11732.200     0.99491
 11732.300     0.99600
 11732.400     0.99758
 11732.500     0.99885
 11732.600     0.99949
 11732.700     0.99960
 11732.800     0.99937
 11732.900     0.99901
 11733.000     0.99878
 11733.100     0.99877
 11733.200     0.99886
 11733.300     0.99882
 11733.400     0.99848
 11733.500     0.99793
 11733.600     0.99727
 11733.700     0.99629
 11733.800     0.99417
 11733.900     0.99039
 11734.000     0.98610
 11734.100     0.98389
 11734.200     0.98546
 11734.300     0.98980
 11734.400     0.99430
 11734.500     0.99715
 11734.600     0.99822
 11734.700     0.99804
 11734.800     0.99689
 11734.900     0.99504
 11735.000     0.99322
 11735.100     0.99250
 11735.200     0.99332
 11735.300     0.99503
 11735.400     0.99652
 11735.500     0.99730
 11735.600     0.99764
 11735.700     0.99799
 11735.800     0.99839
 11735.900     0.99852
 11736.000     0.99788
 11736.100     0.99627
 11736.200     0.99382
 11736.300     0.99033
 11736.400     0.98393
 11736.500     0.97047
 11736.600     0.94804
 11736.700     0.92357
 11736.800     0.91128
 11736.900     0.92016
 11737.000     0.94444
 11737.100     0.96989
 11737.200     0.98683
 11737.300     0.99454
 11737.400     0.99650
 11737.500     0.99582
 11737.600     0.99470
 11737.700     0.99446
 11737.800     0.99535
 11737.900     0.99681
 11738.000     0.99814
 11738.100     0.99900
 11738.200     0.99944
 11738.300     0.99957
 11738.400     0.99948
 11738.500     0.99922
 11738.600     0.99886
 11738.700     0.99840
 11738.800     0.99773
 11738.900     0.99656
 11739.000     0.99480
 11739.100     0.99290
 11739.200     0.99180
 11739.300     0.99215
 11739.400     0.99375
 11739.500     0.99578
 11739.600     0.99753
 11739.700     0.99869
 11739.800     0.99930
 11739.900     0.99954
 11740.000     0.99937
 11740.100     0.99775
 11740.200     0.99212
 11740.300     0.97802
 11740.400     0.95187
 11740.500     0.91825
 11740.600     0.89273
 11740.700     0.89123
 11740.800     0.91449
 11740.900     0.94737
 11741.000     0.97386
 11741.100     0.98857
 11741.200     0.99476
 11741.300     0.99702
 11741.400     0.99803
 11741.500     0.99878
 11741.600     0.99932
 11741.700     0.99964
 11741.800     0.99980
 11741.900     0.99986
 11742.000     0.99989
 11742.100     0.99990
 11742.200     0.99990
 11742.300     0.99988
 11742.400     0.99985
 11742.500     0.99978
 11742.600     0.99967
 11742.700     0.99948
 11742.800     0.99922
 11742.900     0.99889
 11743.000     0.99862
 11743.100     0.99852
 11743.200     0.99850
 11743.300     0.99818
 11743.400     0.99703
 11743.500     0.99494
 11743.600     0.99266
 11743.700     0.99155
 11743.800     0.99241
 11743.900     0.99469
 11744.000     0.99706
 11744.100     0.99862
 11744.200     0.99927
 11744.300     0.99932
 11744.400     0.99907
 11744.500     0.99877
 11744.600     0.99861
 11744.700     0.99868
 11744.800     0.99896
 11744.900     0.99931
 11745.000     0.99961
 11745.100     0.99980
 11745.200     0.99989
 11745.300     0.99993
 11745.400     0.99991
 11745.500     0.99980
 11745.600     0.99956
 11745.700     0.99914
 11745.800     0.99864
 11745.900     0.99824
 11746.000     0.99812
 11746.100     0.99826
 11746.200     0.99850
 11746.300     0.99861
 11746.400     0.99832
 11746.500     0.99693
 11746.600     0.99338
 11746.700     0.98633
 11746.800     0.97536
 11746.900     0.96311
 11747.000     0.95547
 11747.100     0.95727
 11747.200     0.96722
 11747.300     0.97896
 11747.400     0.98693
 11747.500     0.98964
 11747.600     0.98801
 11747.700     0.98244
 11747.800     0.97219
 11747.900     0.95649
 11748.000     0.93684
 11748.100     0.91865
 11748.200     0.90939
 11748.300     0.91344
 11748.400     0.92838
 11748.500     0.94666
 11748.600     0.96142
 11748.700     0.97080
 11748.800     0.97716
 11748.900     0.98302
 11749.000     0.98867
 11749.100     0.99305
 11749.200     0.99563
 11749.300     0.99678
 11749.400     0.99718
 11749.500     0.99733
 11749.600     0.99750
 11749.700     0.99772
 11749.800     0.99793
 11749.900     0.99812
 11750.000     0.99832
 11750.100     0.99856
 11750.200     0.99876
 11750.300     0.99878
 11750.400     0.99849
 11750.500     0.99783
 11750.600     0.99694
 11750.700     0.99629
 11750.800     0.99623
 11750.900     0.99659
 11751.000     0.99674
 11751.100     0.99599
 11751.200     0.99424
 11751.300     0.99213
 11751.400     0.99063
 11751.500     0.98951
 11751.600     0.98619
 11751.700     0.97502
 11751.800     0.94965
 11751.900     0.90908
 11752.000     0.86437
 11752.100     0.83623
 11752.200     0.84053
 11752.300     0.87456
 11752.400     0.91928
 11752.500     0.95522
 11752.600     0.97454
 11752.700     0.97934
 11752.800     0.97394
 11752.900     0.96016
 11753.000     0.93866
 11753.100     0.91217
 11753.200     0.88768
 11753.300     0.87464
 11753.400     0.87913
 11753.500     0.89919
 11753.600     0.92609
 11753.700     0.95050
 11753.800     0.96755
 11753.900     0.97716
 11754.000     0.98123
 11754.100     0.98123
 11754.200     0.97729
 11754.300     0.96835
 11754.400     0.95316
 11754.500     0.93236
 11754.600     0.91050
 11754.700     0.89557
 11754.800     0.89456
 11754.900     0.90827
 11755.000     0.93063
 11755.100     0.95324
 11755.200     0.97057
 11755.300     0.98155
 11755.400     0.98766
 11755.500     0.99073
 11755.600     0.99189
 11755.700     0.99153
 11755.800     0.98997
 11755.900     0.98803
 11756.000     0.98675
 11756.100     0.98620
 11756.200     0.98537
 11756.300     0.98400
 11756.400     0.98356
 11756.500     0.98554
 11756.600     0.98936
 11756.700     0.99290
 11756.800     0.99461
 11756.900     0.99458
 11757.000     0.99406
 11757.100     0.99405
 11757.200     0.99424
 11757.300     0.99283
 11757.400     0.98718
 11757.500     0.97639
 11757.600     0.96402
 11757.700     0.95690
 11757.800     0.95929
 11757.900     0.96870
 11758.000     0.97918
 11758.100     0.98708
 11758.200     0.99229
 11758.300     0.99568
 11758.400     0.99756
 11758.500     0.99822
 11758.600     0.99814
 11758.700     0.99787
 11758.800     0.99782
 11758.900     0.99797
 11759.000     0.99772
 11759.100     0.99603
 11759.200     0.99168
 11759.300     0.98379
 11759.400     0.97357
 11759.500     0.96533
 11759.600     0.96395
 11759.700     0.97042
 11759.800     0.98071
 11759.900     0.98976
 11760.000     0.99532
 11760.100     0.99794
 11760.200     0.99890
 11760.300     0.99908
 11760.400     0.99892
 11760.500     0.99863
 11760.600     0.99840
 11760.700     0.99834
 11760.800     0.99842
 11760.900     0.99855
 11761.000     0.99873
 11761.100     0.99901
 11761.200     0.99934
 11761.300     0.99962
 11761.400     0.99979
 11761.500     0.99987
 11761.600     0.99989
 11761.700     0.99986
 11761.800     0.99971
 11761.900     0.99926
 11762.000     0.99834
 11762.100     0.99698
 11762.200     0.99573
 11762.300     0.99536
 11762.400     0.99612
 11762.500     0.99749
 11762.600     0.99872
 11762.700     0.99947
 11762.800     0.99980
 11762.900     0.99989
 11763.000     0.99984
 11763.100     0.99969
 11763.200     0.99945
 11763.300     0.99918
 11763.400     0.99899
 11763.500     0.99894
 11763.600     0.99895
 11763.700     0.99886
 11763.800     0.99867
 11763.900     0.99855
 11764.000     0.99868
 11764.100     0.99901
 11764.200     0.99936
 11764.300     0.99959
 11764.400     0.99970
 11764.500     0.99976
 11764.600     0.99980
 11764.700     0.99980
 11764.800     0.99970
 11764.900     0.99938
 11765.000     0.99861
 11765.100     0.99701
 11765.200     0.99440
 11765.300     0.99115
 11765.400     0.98753
 11765.500     0.98228
 11765.600     0.97154
 11765.700     0.95205
 11765.800     0.92814
 11765.900     0.91272
 11766.000     0.91687
 11766.100     0.93830
 11766.200     0.96378
 11766.300     0.98204
 11766.400     0.99091
 11766.500     0.99410
 11766.600     0.99525
 11766.700     0.99604
 11766.800     0.99666
 11766.900     0.99625
 11767.000     0.99335
 11767.100     0.98576
 11767.200     0.97134
 11767.300     0.95159
 11767.400     0.93426
 11767.500     0.92930
 11767.600     0.93992
 11767.700     0.95931
 11767.800     0.97748
 11767.900     0.98917
 11768.000     0.99487
 11768.100     0.99710
 11768.200     0.99780
 11768.300     0.99807
 11768.400     0.99826
 11768.500     0.99840
 11768.600     0.99843
 11768.700     0.99824
 11768.800     0.99746
 11768.900     0.99541
 11769.000     0.99071
 11769.100     0.98121
 11769.200     0.96499
 11769.300     0.94044
 11769.400     0.90684
 11769.500     0.86861
 11769.600     0.83632
 11769.700     0.81982
 11769.800     0.82177
 11769.900     0.84050
 11770.000     0.87378
 11770.100     0.91518
 11770.200     0.95299
 11770.300     0.97794
 11770.400     0.98958
 11770.500     0.99287
 11770.600     0.99186
 11770.700     0.98900
 11770.800     0.98646
 11770.900     0.98611
 11771.000     0.98844
 11771.100     0.99202
 11771.200     0.99500
 11771.300     0.99660
 11771.400     0.99709
 11771.500     0.99698
 11771.600     0.99655
 11771.700     0.99594
 11771.800     0.99509
 11771.900     0.99388
 11772.000     0.99206
 11772.100     0.98899
 11772.200     0.98270
 11772.300     0.96895
 11772.400     0.94025
 11772.500     0.88871
 11772.600     0.81515
 11772.700     0.73854
 11772.800     0.69173
 11772.900     0.69915
 11773.000     0.75670
 11773.100     0.83524
 11773.200     0.90385
 11773.300     0.94865
 11773.400     0.97225
 11773.500     0.98328
 11773.600     0.98843
 11773.700     0.99115
 11773.800     0.99287
 11773.900     0.99407
 11774.000     0.99502
 11774.100     0.99587
 11774.200     0.99663
 11774.300     0.99726
 11774.400     0.99769
 11774.500     0.99792
 11774.600     0.99800
 11774.700     0.99806
 11774.800     0.99819
 11774.900     0.99839
 11775.000     0.99864
 11775.100     0.99888
 11775.200     0.99908
 11775.300     0.99922
 11775.400     0.99925
 11775.500     0.99907
 11775.600     0.99855
 11775.700     0.99752
 11775.800     0.99585
 11775.900     0.99393
 11776.000     0.99278
 11776.100     0.99326
 11776.200     0.99509
 11776.300     0.99715
 11776.400     0.99852
 11776.500     0.99869
 11776.600     0.99708
 11776.700     0.99238
 11776.800     0.98320
 11776.900     0.97064
 11777.000     0.95966
 11777.100     0.95560
 11777.200     0.95854
 11777.300     0.96321
 11777.400     0.96540
 11777.500     0.96612
 11777.600     0.96886
 11777.700     0.97487
 11777.800     0.98235
 11777.900     0.98888
 11778.000     0.99332
 11778.100     0.99594
 11778.200     0.99744
 11778.300     0.99826
 11778.400     0.99855
 11778.500     0.99838
 11778.600     0.99802
 11778.700     0.99779
 11778.800     0.99771
 11778.900     0.99736
 11779.000     0.99595
 11779.100     0.99312
 11779.200     0.98973
 11779.300     0.98774
 11779.400     0.98856
 11779.500     0.99163
 11779.600     0.99502
 11779.700     0.99720
 11779.800     0.99789
 11779.900     0.99754
 11780.000     0.99625
 11780.100     0.99323
 11780.200     0.98613
 11780.300     0.97259
 11780.400     0.95490
 11780.500     0.94173
 11780.600     0.94172
 11780.700     0.95446
 11780.800     0.97032
 11780.900     0.97870
 11781.000     0.97315
 11781.100     0.95166
 11781.200     0.91956
 11781.300     0.89207
 11781.400     0.88529
 11781.500     0.90082
 11781.600     0.92294
 11781.700     0.93278
 11781.800     0.92509
 11781.900     0.91156
 11782.000     0.90870
 11782.100     0.92238
 11782.200     0.94423
 11782.300     0.96186
 11782.400     0.96948
 11782.500     0.96777
 11782.600     0.95730
 11782.700     0.93490
 11782.800     0.89299
 11782.900     0.82315
 11783.000     0.72675
 11783.100     0.62452
 11783.200     0.55272
 11783.300     0.54249
 11783.400     0.59849
 11783.500     0.69569
 11783.600     0.79692
 11783.700     0.87576
 11783.800     0.92559
 11783.900     0.95327
 11784.000     0.96810
 11784.100     0.97634
 11784.200     0.98140
 11784.300     0.98473
 11784.400     0.98696
 11784.500     0.98849
 11784.600     0.98965
 11784.700     0.99080
 11784.800     0.99209
 11784.900     0.99336
 11785.000     0.99440
 11785.100     0.99509
 11785.200     0.99550
 11785.300     0.99573
 11785.400     0.99591
 11785.500     0.99613
 11785.600     0.99655
 11785.700     0.99720
 11785.800     0.99796
 11785.900     0.99857
 11786.000     0.99898
 11786.100     0.99926
 11786.200     0.99951
 11786.300     0.99972
 11786.400     0.99985
 11786.500     0.99990
 11786.600     0.99985
 11786.700     0.99968
 11786.800     0.99936
 11786.900     0.99895
 11787.000     0.99859
 11787.100     0.99822
 11787.200     0.99709
 11787.300     0.99362
 11787.400     0.98590
 11787.500     0.97425
 11787.600     0.96327
 11787.700     0.95957
 11787.800     0.96560
 11787.900     0.97718
 11788.000     0.98792
 11788.100     0.99463
 11788.200     0.99781
 11788.300     0.99904
 11788.400     0.99937
 11788.500     0.99937
 11788.600     0.99928
 11788.700     0.99924
 11788.800     0.99931
 11788.900     0.99946
 11789.000     0.99955
 11789.100     0.99943
 11789.200     0.99892
 11789.300     0.99767
 11789.400     0.99541
 11789.500     0.99243
 11789.600     0.98984
 11789.700     0.98895
 11789.800     0.99007
 11789.900     0.99224
 11790.000     0.99421
 11790.100     0.99550
 11790.200     0.99638
 11790.300     0.99714
 11790.400     0.99774
 11790.500     0.99808
 11790.600     0.99827
 11790.700     0.99853
 11790.800     0.99891
 11790.900     0.99927
 11791.000     0.99950
 11791.100     0.99960
 11791.200     0.99961
 11791.300     0.99959
 11791.400     0.99956
 11791.500     0.99951
 11791.600     0.99941
 11791.700     0.99921
 11791.800     0.99886
 11791.900     0.99840
 11792.000     0.99793
 11792.100     0.99762
 11792.200     0.99748
 11792.300     0.99726
 11792.400     0.99634
 11792.500     0.99324
 11792.600     0.98520
 11792.700     0.96832
 11792.800     0.94067
 11792.900     0.90845
 11793.000     0.88652
 11793.100     0.88777
 11793.200     0.91057
 11793.300     0.94016
 11793.400     0.96285
 11793.500     0.97551
 11793.600     0.98245
 11793.700     0.98769
 11793.800     0.99208
 11793.900     0.99499
 11794.000     0.99623
 11794.100     0.99658
 11794.200     0.99691
 11794.300     0.99754
 11794.400     0.99829
 11794.500     0.99887
 11794.600     0.99915
 11794.700     0.99909
 11794.800     0.99854
 11794.900     0.99732
 11795.000     0.99546
 11795.100     0.99312
 11795.200     0.98971
 11795.300     0.98249
 11795.400     0.96669
 11795.500     0.94078
 11795.600     0.91301
 11795.700     0.89899
 11795.800     0.90832
 11795.900     0.93495
 11796.000     0.96368
 11796.100     0.98374
 11796.200     0.99392
 11796.300     0.99789
 11796.400     0.99895
 11796.500     0.99883
 11796.600     0.99775
 11796.700     0.99487
 11796.800     0.98892
 11796.900     0.97839
 11797.000     0.96383
 11797.100     0.95057
 11797.200     0.94655
 11797.300     0.95488
 11797.400     0.97009
 11797.500     0.98376
 11797.600     0.99184
 11797.700     0.99548
 11797.800     0.99713
 11797.900     0.99809
 11798.000     0.99880
 11798.100     0.99923
 11798.200     0.99936
 11798.300     0.99923
 11798.400     0.99895
 11798.500     0.99861
 11798.600     0.99826
 11798.700     0.99787
 11798.800     0.99735
 11798.900     0.99653
 11799.000     0.99514
 11799.100     0.99336
 11799.200     0.99195
 11799.300     0.99086
 11799.400     0.98768
 11799.500     0.97722
 11799.600     1.00000
 11799.700     1.00000
 11799.800     1.00000
 11799.900     1.00000
 11800.000     1.00000
