the number of points per synthesis =   2901
start =  12900.000     stop =  13190.000     step =      0.100
 12900.000     1.00000
 12900.100     1.00000
 12900.200     1.00000
 12900.300     1.00000
 12900.400     1.00000
 12900.500     1.00000
 12900.600     0.99841
 12900.700     0.99716
 12900.800     0.99455
 12900.900     0.99015
 12901.000     0.98434
 12901.100     0.97893
 12901.200     0.97656
 12901.300     0.97869
 12901.400     0.98421
 12901.500     0.99042
 12901.600     0.99514
 12901.700     0.99780
 12901.800     0.99895
 12901.900     0.99933
 12902.000     0.99940
 12902.100     0.99941
 12902.200     0.99949
 12902.300     0.99959
 12902.400     0.99966
 12902.500     0.99961
 12902.600     0.99934
 12902.700     0.99880
 12902.800     0.99806
 12902.900     0.99735
 12903.000     0.99695
 12903.100     0.99698
 12903.200     0.99725
 12903.300     0.99752
 12903.400     0.99768
 12903.500     0.99784
 12903.600     0.99807
 12903.700     0.99827
 12903.800     0.99816
 12903.900     0.99758
 12904.000     0.99668
 12904.100     0.99593
 12904.200     0.99580
 12904.300     0.99636
 12904.400     0.99733
 12904.500     0.99829
 12904.600     0.99898
 12904.700     0.99935
 12904.800     0.99943
 12904.900     0.99922
 12905.000     0.99869
 12905.100     0.99793
 12905.200     0.99717
 12905.300     0.99671
 12905.400     0.99666
 12905.500     0.99674
 12905.600     0.99650
 12905.700     0.99584
 12905.800     0.99519
 12905.900     0.99515
 12906.000     0.99594
 12906.100     0.99723
 12906.200     0.99845
 12906.300     0.99927
 12906.400     0.99969
 12906.500     0.99985
 12906.600     0.99988
 12906.700     0.99987
 12906.800     0.99984
 12906.900     0.99980
 12907.000     0.99974
 12907.100     0.99966
 12907.200     0.99948
 12907.300     0.99910
 12907.400     0.99832
 12907.500     0.99689
 12907.600     0.99459
 12907.700     0.99162
 12907.800     0.98881
 12907.900     0.98741
 12908.000     0.98812
 12908.100     0.99050
 12908.200     0.99329
 12908.300     0.99520
 12908.400     0.99510
 12908.500     0.99144
 12908.600     0.98119
 12908.700     0.96010
 12908.800     0.92650
 12908.900     0.88684
 12909.000     0.85640
 12909.100     0.85055
 12909.200     0.87255
 12909.300     0.91067
 12909.400     0.94762
 12909.500     0.97174
 12909.600     0.97954
 12909.700     0.97110
 12909.800     0.94757
 12909.900     0.91469
 12910.000     0.88569
 12910.100     0.87574
 12910.200     0.89067
 12910.300     0.92211
 12910.400     0.95491
 12910.500     0.97859
 12910.600     0.99142
 12910.700     0.99691
 12910.800     0.99881
 12910.900     0.99929
 12911.000     0.99939
 12911.100     0.99945
 12911.200     0.99949
 12911.300     0.99953
 12911.400     0.99958
 12911.500     0.99965
 12911.600     0.99974
 12911.700     0.99981
 12911.800     0.99986
 12911.900     0.99989
 12912.000     0.99989
 12912.100     0.99988
 12912.200     0.99986
 12912.300     0.99982
 12912.400     0.99973
 12912.500     0.99958
 12912.600     0.99931
 12912.700     0.99886
 12912.800     0.99823
 12912.900     0.99760
 12913.000     0.99723
 12913.100     0.99731
 12913.200     0.99776
 12913.300     0.99835
 12913.400     0.99883
 12913.500     0.99912
 12913.600     0.99927
 12913.700     0.99933
 12913.800     0.99931
 12913.900     0.99924
 12914.000     0.99911
 12914.100     0.99889
 12914.200     0.99850
 12914.300     0.99785
 12914.400     0.99696
 12914.500     0.99604
 12914.600     0.99549
 12914.700     0.99564
 12914.800     0.99645
 12914.900     0.99755
 12915.000     0.99852
 12915.100     0.99916
 12915.200     0.99950
 12915.300     0.99965
 12915.400     0.99971
 12915.500     0.99974
 12915.600     0.99976
 12915.700     0.99976
 12915.800     0.99976
 12915.900     0.99974
 12916.000     0.99970
 12916.100     0.99966
 12916.200     0.99963
 12916.300     0.99959
 12916.400     0.99951
 12916.500     0.99922
 12916.600     0.99835
 12916.700     0.99614
 12916.800     0.99165
 12916.900     0.98448
 12917.000     0.97598
 12917.100     0.96929
 12917.200     0.96749
 12917.300     0.97120
 12917.400     0.97809
 12917.500     0.98492
 12917.600     0.98983
 12917.700     0.99279
 12917.800     0.99465
 12917.900     0.99605
 12918.000     0.99720
 12918.100     0.99808
 12918.200     0.99867
 12918.300     0.99903
 12918.400     0.99925
 12918.500     0.99940
 12918.600     0.99953
 12918.700     0.99963
 12918.800     0.99971
 12918.900     0.99976
 12919.000     0.99977
 12919.100     0.99974
 12919.200     0.99956
 12919.300     0.99888
 12919.400     0.99694
 12919.500     0.99238
 12919.600     0.98403
 12919.700     0.97272
 12919.800     0.96237
 12919.900     0.95821
 12920.000     0.96269
 12920.100     0.97319
 12920.200     0.98444
 12920.300     0.99263
 12920.400     0.99707
 12920.500     0.99895
 12920.600     0.99962
 12920.700     0.99980
 12920.800     0.99984
 12920.900     0.99984
 12921.000     0.99976
 12921.100     0.99950
 12921.200     0.99879
 12921.300     0.99715
 12921.400     0.99396
 12921.500     0.98891
 12921.600     0.98279
 12921.700     0.97772
 12921.800     0.97622
 12921.900     0.97922
 12922.000     0.98520
 12922.100     0.99142
 12922.200     0.99593
 12922.300     0.99839
 12922.400     0.99943
 12922.500     0.99979
 12922.600     0.99988
 12922.700     0.99989
 12922.800     0.99988
 12922.900     0.99987
 12923.000     0.99987
 12923.100     0.99988
 12923.200     0.99991
 12923.300     0.99994
 12923.400     0.99996
 12923.500     0.99996
 12923.600     0.99994
 12923.700     0.99991
 12923.800     0.99985
 12923.900     0.99979
 12924.000     0.99975
 12924.100     0.99974
 12924.200     0.99977
 12924.300     0.99983
 12924.400     0.99988
 12924.500     0.99988
 12924.600     0.99982
 12924.700     0.99972
 12924.800     0.99960
 12924.900     0.99949
 12925.000     0.99932
 12925.100     0.99894
 12925.200     0.99808
 12925.300     0.99659
 12925.400     0.99473
 12925.500     0.99325
 12925.600     0.99286
 12925.700     0.99360
 12925.800     0.99477
 12925.900     0.99554
 12926.000     0.99573
 12926.100     0.99580
 12926.200     0.99626
 12926.300     0.99717
 12926.400     0.99816
 12926.500     0.99880
 12926.600     0.99880
 12926.700     0.99814
 12926.800     0.99698
 12926.900     0.99576
 12927.000     0.99492
 12927.100     0.99456
 12927.200     0.99431
 12927.300     0.99381
 12927.400     0.99331
 12927.500     0.99343
 12927.600     0.99449
 12927.700     0.99609
 12927.800     0.99747
 12927.900     0.99810
 12928.000     0.99779
 12928.100     0.99636
 12928.200     0.99358
 12928.300     0.98965
 12928.400     0.98562
 12928.500     0.98297
 12928.600     0.98214
 12928.700     0.98178
 12928.800     0.98016
 12928.900     0.97743
 12929.000     0.97588
 12929.100     0.97773
 12929.200     0.98284
 12929.300     0.98894
 12929.400     0.99381
 12929.500     0.99669
 12929.600     0.99804
 12929.700     0.99855
 12929.800     0.99862
 12929.900     0.99841
 12930.000     0.99805
 12930.100     0.99768
 12930.200     0.99744
 12930.300     0.99745
 12930.400     0.99770
 12930.500     0.99810
 12930.600     0.99852
 12930.700     0.99883
 12930.800     0.99898
 12930.900     0.99901
 12931.000     0.99897
 12931.100     0.99894
 12931.200     0.99895
 12931.300     0.99893
 12931.400     0.99883
 12931.500     0.99862
 12931.600     0.99799
 12931.700     0.99588
 12931.800     0.98984
 12931.900     0.97566
 12932.000     0.94942
 12932.100     0.91295
 12932.200     0.87769
 12932.300     0.86008
 12932.400     0.86892
 12932.500     0.89675
 12932.600     0.92493
 12932.700     0.93786
 12932.800     0.93306
 12932.900     0.92067
 12933.000     0.91468
 12933.100     0.92267
 12933.200     0.94174
 12933.300     0.96297
 12933.400     0.97918
 12933.500     0.98875
 12933.600     0.99363
 12933.700     0.99608
 12933.800     0.99723
 12933.900     0.99749
 12934.000     0.99659
 12934.100     0.99344
 12934.200     0.98570
 12934.300     0.97011
 12934.400     0.94535
 12934.500     0.91628
 12934.600     0.89436
 12934.700     0.89090
 12934.800     0.90781
 12934.900     0.93585
 12935.000     0.96240
 12935.100     0.97994
 12935.200     0.98808
 12935.300     0.99029
 12935.400     0.99034
 12935.500     0.99070
 12935.600     0.99227
 12935.700     0.99455
 12935.800     0.99661
 12935.900     0.99792
 12936.000     0.99845
 12936.100     0.99845
 12936.200     0.99818
 12936.300     0.99765
 12936.400     0.99623
 12936.500     0.99225
 12936.600     0.98261
 12936.700     0.96409
 12936.800     0.93736
 12936.900     0.91047
 12937.000     0.89621
 12937.100     0.90277
 12937.200     0.92645
 12937.300     0.95501
 12937.400     0.97762
 12937.500     0.99080
 12937.600     0.99675
 12937.700     0.99893
 12937.800     0.99955
 12937.900     0.99966
 12938.000     0.99969
 12938.100     0.99969
 12938.200     0.99967
 12938.300     0.99961
 12938.400     0.99955
 12938.500     0.99951
 12938.600     0.99951
 12938.700     0.99955
 12938.800     0.99958
 12938.900     0.99959
 12939.000     0.99954
 12939.100     0.99945
 12939.200     0.99928
 12939.300     0.99888
 12939.400     0.99798
 12939.500     0.99602
 12939.600     0.99235
 12939.700     0.98683
 12939.800     0.98071
 12939.900     0.97651
 12940.000     0.97647
 12940.100     0.98061
 12940.200     0.98663
 12940.300     0.99177
 12940.400     0.99447
 12940.500     0.99441
 12940.600     0.99186
 12940.700     0.98741
 12940.800     0.98242
 12940.900     0.97897
 12941.000     0.97876
 12941.100     0.98189
 12941.200     0.98681
 12941.300     0.99154
 12941.400     0.99495
 12941.500     0.99696
 12941.600     0.99803
 12941.700     0.99862
 12941.800     0.99897
 12941.900     0.99922
 12942.000     0.99937
 12942.100     0.99943
 12942.200     0.99942
 12942.300     0.99934
 12942.400     0.99921
 12942.500     0.99905
 12942.600     0.99894
 12942.700     0.99896
 12942.800     0.99912
 12942.900     0.99933
 12943.000     0.99951
 12943.100     0.99959
 12943.200     0.99960
 12943.300     0.99960
 12943.400     0.99960
 12943.500     0.99961
 12943.600     0.99956
 12943.700     0.99936
 12943.800     0.99890
 12943.900     0.99818
 12944.000     0.99734
 12944.100     0.99670
 12944.200     0.99656
 12944.300     0.99698
 12944.400     0.99768
 12944.500     0.99832
 12944.600     0.99870
 12944.700     0.99891
 12944.800     0.99908
 12944.900     0.99927
 12945.000     0.99945
 12945.100     0.99955
 12945.200     0.99958
 12945.300     0.99957
 12945.400     0.99951
 12945.500     0.99934
 12945.600     0.99896
 12945.700     0.99831
 12945.800     0.99742
 12945.900     0.99642
 12946.000     0.99551
 12946.100     0.99483
 12946.200     0.99431
 12946.300     0.99375
 12946.400     0.99317
 12946.500     0.99292
 12946.600     0.99336
 12946.700     0.99438
 12946.800     0.99547
 12946.900     0.99623
 12947.000     0.99673
 12947.100     0.99726
 12947.200     0.99792
 12947.300     0.99855
 12947.400     0.99898
 12947.500     0.99914
 12947.600     0.99913
 12947.700     0.99908
 12947.800     0.99909
 12947.900     0.99910
 12948.000     0.99893
 12948.100     0.99835
 12948.200     0.99730
 12948.300     0.99602
 12948.400     0.99506
 12948.500     0.99494
 12948.600     0.99573
 12948.700     0.99699
 12948.800     0.99815
 12948.900     0.99889
 12949.000     0.99925
 12949.100     0.99940
 12949.200     0.99947
 12949.300     0.99949
 12949.400     0.99931
 12949.500     0.99864
 12949.600     0.99691
 12949.700     0.99342
 12949.800     0.98792
 12949.900     0.98143
 12950.000     0.97639
 12950.100     0.97520
 12950.200     0.97831
 12950.300     0.98382
 12950.400     0.98893
 12950.500     0.99153
 12950.600     0.99094
 12950.700     0.98802
 12950.800     0.98483
 12950.900     0.98372
 12951.000     0.98571
 12951.100     0.98985
 12951.200     0.99416
 12951.300     0.99725
 12951.400     0.99891
 12951.500     0.99961
 12951.600     0.99985
 12951.700     0.99990
 12951.800     0.99990
 12951.900     0.99989
 12952.000     0.99985
 12952.100     0.99980
 12952.200     0.99972
 12952.300     0.99951
 12952.400     0.99902
 12952.500     0.99802
 12952.600     0.99644
 12952.700     0.99469
 12952.800     0.99356
 12952.900     0.99367
 12953.000     0.99495
 12953.100     0.99668
 12953.200     0.99807
 12953.300     0.99879
 12953.400     0.99888
 12953.500     0.99844
 12953.600     0.99762
 12953.700     0.99668
 12953.800     0.99607
 12953.900     0.99616
 12954.000     0.99694
 12954.100     0.99801
 12954.200     0.99893
 12954.300     0.99951
 12954.400     0.99978
 12954.500     0.99987
 12954.600     0.99985
 12954.700     0.99979
 12954.800     0.99971
 12954.900     0.99964
 12955.000     0.99956
 12955.100     0.99948
 12955.200     0.99937
 12955.300     0.99914
 12955.400     0.99869
 12955.500     0.99799
 12955.600     0.99722
 12955.700     0.99672
 12955.800     0.99677
 12955.900     0.99735
 12956.000     0.99817
 12956.100     0.99891
 12956.200     0.99940
 12956.300     0.99968
 12956.400     0.99981
 12956.500     0.99987
 12956.600     0.99989
 12956.700     0.99991
 12956.800     0.99992
 12956.900     0.99994
 12957.000     0.99995
 12957.100     0.99995
 12957.200     0.99990
 12957.300     0.99981
 12957.400     0.99966
 12957.500     0.99950
 12957.600     0.99938
 12957.700     0.99935
 12957.800     0.99939
 12957.900     0.99948
 12958.000     0.99959
 12958.100     0.99969
 12958.200     0.99978
 12958.300     0.99985
 12958.400     0.99990
 12958.500     0.99993
 12958.600     0.99995
 12958.700     0.99997
 12958.800     0.99997
 12958.900     0.99995
 12959.000     0.99992
 12959.100     0.99987
 12959.200     0.99980
 12959.300     0.99974
 12959.400     0.99969
 12959.500     0.99967
 12959.600     0.99969
 12959.700     0.99971
 12959.800     0.99972
 12959.900     0.99969
 12960.000     0.99962
 12960.100     0.99948
 12960.200     0.99925
 12960.300     0.99894
 12960.400     0.99859
 12960.500     0.99821
 12960.600     0.99775
 12960.700     0.99705
 12960.800     0.99601
 12960.900     0.99476
 12961.000     0.99365
 12961.100     0.99316
 12961.200     0.99361
 12961.300     0.99489
 12961.400     0.99652
 12961.500     0.99791
 12961.600     0.99864
 12961.700     0.99848
 12961.800     0.99721
 12961.900     0.99455
 12962.000     0.99065
 12962.100     0.98660
 12962.200     0.98423
 12962.300     0.98486
 12962.400     0.98810
 12962.500     0.99220
 12962.600     0.99536
 12962.700     0.99681
 12962.800     0.99675
 12962.900     0.99600
 12963.000     0.99541
 12963.100     0.99554
 12963.200     0.99629
 12963.300     0.99700
 12963.400     0.99698
 12963.500     0.99600
 12963.600     0.99452
 12963.700     0.99342
 12963.800     0.99333
 12963.900     0.99405
 12964.000     0.99464
 12964.100     0.99410
 12964.200     0.99219
 12964.300     0.98975
 12964.400     0.98819
 12964.500     0.98849
 12964.600     0.99056
 12964.700     0.99342
 12964.800     0.99602
 12964.900     0.99783
 12965.000     0.99887
 12965.100     0.99939
 12965.200     0.99962
 12965.300     0.99972
 12965.400     0.99977
 12965.500     0.99981
 12965.600     0.99984
 12965.700     0.99986
 12965.800     0.99988
 12965.900     0.99989
 12966.000     0.99990
 12966.100     0.99990
 12966.200     0.99989
 12966.300     0.99988
 12966.400     0.99987
 12966.500     0.99986
 12966.600     0.99983
 12966.700     0.99979
 12966.800     0.99973
 12966.900     0.99961
 12967.000     0.99944
 12967.100     0.99920
 12967.200     0.99894
 12967.300     0.99875
 12967.400     0.99868
 12967.500     0.99875
 12967.600     0.99893
 12967.700     0.99915
 12967.800     0.99935
 12967.900     0.99950
 12968.000     0.99960
 12968.100     0.99964
 12968.200     0.99965
 12968.300     0.99963
 12968.400     0.99960
 12968.500     0.99956
 12968.600     0.99951
 12968.700     0.99945
 12968.800     0.99936
 12968.900     0.99918
 12969.000     0.99889
 12969.100     0.99844
 12969.200     0.99786
 12969.300     0.99723
 12969.400     0.99666
 12969.500     0.99614
 12969.600     0.99531
 12969.700     0.99336
 12969.800     0.98943
 12969.900     0.98367
 12970.000     0.97800
 12970.100     0.97529
 12970.200     0.97712
 12970.300     0.98243
 12970.400     0.98849
 12970.500     0.99319
 12970.600     0.99604
 12970.700     0.99759
 12970.800     0.99848
 12970.900     0.99903
 12971.000     0.99937
 12971.100     0.99958
 12971.200     0.99970
 12971.300     0.99978
 12971.400     0.99983
 12971.500     0.99987
 12971.600     0.99988
 12971.700     0.99989
 12971.800     0.99987
 12971.900     0.99982
 12972.000     0.99973
 12972.100     0.99962
 12972.200     0.99953
 12972.300     0.99950
 12972.400     0.99954
 12972.500     0.99964
 12972.600     0.99974
 12972.700     0.99982
 12972.800     0.99986
 12972.900     0.99988
 12973.000     0.99988
 12973.100     0.99988
 12973.200     0.99989
 12973.300     0.99989
 12973.400     0.99988
 12973.500     0.99984
 12973.600     0.99979
 12973.700     0.99974
 12973.800     0.99966
 12973.900     0.99954
 12974.000     0.99932
 12974.100     0.99897
 12974.200     0.99849
 12974.300     0.99797
 12974.400     0.99750
 12974.500     0.99707
 12974.600     0.99658
 12974.700     0.99591
 12974.800     0.99511
 12974.900     0.99432
 12975.000     0.99364
 12975.100     0.99287
 12975.200     0.99080
 12975.300     0.98495
 12975.400     0.97006
 12975.500     0.93851
 12975.600     0.88470
 12975.700     0.81456
 12975.800     0.75036
 12975.900     0.72110
 12976.000     0.74203
 12976.100     0.80243
 12976.200     0.87437
 12976.300     0.93297
 12976.400     0.96889
 12976.500     0.98596
 12976.600     0.99199
 12976.700     0.99329
 12976.800     0.99326
 12976.900     0.99339
 12977.000     0.99374
 12977.100     0.99386
 12977.200     0.99362
 12977.300     0.99340
 12977.400     0.99373
 12977.500     0.99474
 12977.600     0.99613
 12977.700     0.99742
 12977.800     0.99839
 12977.900     0.99899
 12978.000     0.99932
 12978.100     0.99947
 12978.200     0.99950
 12978.300     0.99943
 12978.400     0.99928
 12978.500     0.99905
 12978.600     0.99881
 12978.700     0.99863
 12978.800     0.99848
 12978.900     0.99821
 12979.000     0.99745
 12979.100     0.99589
 12979.200     0.99355
 12979.300     0.99110
 12979.400     0.98960
 12979.500     0.98976
 12979.600     0.99143
 12979.700     0.99377
 12979.800     0.99591
 12979.900     0.99746
 12980.000     0.99842
 12980.100     0.99896
 12980.200     0.99922
 12980.300     0.99926
 12980.400     0.99899
 12980.500     0.99824
 12980.600     0.99687
 12980.700     0.99507
 12980.800     0.99354
 12980.900     0.99307
 12981.000     0.99393
 12981.100     0.99564
 12981.200     0.99737
 12981.300     0.99850
 12981.400     0.99874
 12981.500     0.99786
 12981.600     0.99535
 12981.700     0.99079
 12981.800     0.98474
 12981.900     0.97921
 12982.000     0.97671
 12982.100     0.97830
 12982.200     0.98284
 12982.300     0.98810
 12982.400     0.99248
 12982.500     0.99553
 12982.600     0.99742
 12982.700     0.99846
 12982.800     0.99890
 12982.900     0.99901
 12983.000     0.99902
 12983.100     0.99907
 12983.200     0.99918
 12983.300     0.99930
 12983.400     0.99934
 12983.500     0.99923
 12983.600     0.99898
 12983.700     0.99860
 12983.800     0.99820
 12983.900     0.99796
 12984.000     0.99804
 12984.100     0.99844
 12984.200     0.99896
 12984.300     0.99942
 12984.400     0.99970
 12984.500     0.99983
 12984.600     0.99987
 12984.700     0.99985
 12984.800     0.99977
 12984.900     0.99968
 12985.000     0.99959
 12985.100     0.99957
 12985.200     0.99960
 12985.300     0.99968
 12985.400     0.99977
 12985.500     0.99983
 12985.600     0.99986
 12985.700     0.99984
 12985.800     0.99977
 12985.900     0.99959
 12986.000     0.99926
 12986.100     0.99872
 12986.200     0.99797
 12986.300     0.99710
 12986.400     0.99623
 12986.500     0.99547
 12986.600     0.99503
 12986.700     0.99514
 12986.800     0.99588
 12986.900     0.99693
 12987.000     0.99768
 12987.100     0.99740
 12987.200     0.99538
 12987.300     0.99139
 12987.400     0.98633
 12987.500     0.98237
 12987.600     0.98170
 12987.700     0.98475
 12987.800     0.98977
 12987.900     0.99446
 12988.000     0.99754
 12988.100     0.99908
 12988.200     0.99968
 12988.300     0.99988
 12988.400     0.99993
 12988.500     0.99995
 12988.600     0.99995
 12988.700     0.99994
 12988.800     0.99992
 12988.900     0.99990
 12989.000     0.99989
 12989.100     0.99988
 12989.200     0.99986
 12989.300     0.99981
 12989.400     0.99976
 12989.500     0.99972
 12989.600     0.99970
 12989.700     0.99970
 12989.800     0.99967
 12989.900     0.99949
 12990.000     0.99909
 12990.100     0.99844
 12990.200     0.99765
 12990.300     0.99688
 12990.400     0.99625
 12990.500     0.99576
 12990.600     0.99547
 12990.700     0.99558
 12990.800     0.99619
 12990.900     0.99715
 12991.000     0.99815
 12991.100     0.99892
 12991.200     0.99940
 12991.300     0.99963
 12991.400     0.99973
 12991.500     0.99976
 12991.600     0.99973
 12991.700     0.99963
 12991.800     0.99948
 12991.900     0.99932
 12992.000     0.99921
 12992.100     0.99916
 12992.200     0.99903
 12992.300     0.99856
 12992.400     0.99749
 12992.500     0.99588
 12992.600     0.99420
 12992.700     0.99314
 12992.800     0.99286
 12992.900     0.99254
 12993.000     0.99079
 12993.100     0.98700
 12993.200     0.98241
 12993.300     0.97962
 12993.400     0.98056
 12993.500     0.98485
 12993.600     0.99029
 12993.700     0.99473
 12993.800     0.99742
 12993.900     0.99874
 12994.000     0.99934
 12994.100     0.99962
 12994.200     0.99974
 12994.300     0.99979
 12994.400     0.99981
 12994.500     0.99983
 12994.600     0.99983
 12994.700     0.99980
 12994.800     0.99969
 12994.900     0.99944
 12995.000     0.99902
 12995.100     0.99847
 12995.200     0.99785
 12995.300     0.99717
 12995.400     0.99637
 12995.500     0.99549
 12995.600     0.99488
 12995.700     0.99496
 12995.800     0.99586
 12995.900     0.99718
 12996.000     0.99841
 12996.100     0.99922
 12996.200     0.99961
 12996.300     0.99968
 12996.400     0.99952
 12996.500     0.99915
 12996.600     0.99865
 12996.700     0.99824
 12996.800     0.99812
 12996.900     0.99838
 12997.000     0.99887
 12997.100     0.99936
 12997.200     0.99971
 12997.300     0.99988
 12997.400     0.99994
 12997.500     0.99994
 12997.600     0.99992
 12997.700     0.99988
 12997.800     0.99985
 12997.900     0.99980
 12998.000     0.99974
 12998.100     0.99962
 12998.200     0.99940
 12998.300     0.99911
 12998.400     0.99884
 12998.500     0.99872
 12998.600     0.99882
 12998.700     0.99909
 12998.800     0.99940
 12998.900     0.99964
 12999.000     0.99977
 12999.100     0.99981
 12999.200     0.99978
 12999.300     0.99964
 12999.400     0.99932
 12999.500     0.99867
 12999.600     0.99763
 12999.700     0.99640
 12999.800     0.99547
 12999.900     0.99532
 13000.000     0.99603
 13000.100     0.99718
 13000.200     0.99816
 13000.300     0.99850
 13000.400     0.99785
 13000.500     0.99593
 13000.600     0.99284
 13000.700     0.98939
 13000.800     0.98681
 13000.900     0.98566
 13001.000     0.98465
 13001.100     0.98154
 13001.200     0.97556
 13001.300     0.96910
 13001.400     0.96636
 13001.500     0.96967
 13001.600     0.97738
 13001.700     0.98552
 13001.800     0.99090
 13001.900     0.99268
 13002.000     0.99189
 13002.100     0.99039
 13002.200     0.98990
 13002.300     0.99115
 13002.400     0.99363
 13002.500     0.99618
 13002.600     0.99798
 13002.700     0.99888
 13002.800     0.99904
 13002.900     0.99851
 13003.000     0.99693
 13003.100     0.99370
 13003.200     0.98873
 13003.300     0.98328
 13003.400     0.97981
 13003.500     0.98026
 13003.600     0.98440
 13003.700     0.99002
 13003.800     0.99481
 13003.900     0.99778
 13004.000     0.99919
 13004.100     0.99972
 13004.200     0.99987
 13004.300     0.99990
 13004.400     0.99989
 13004.500     0.99988
 13004.600     0.99984
 13004.700     0.99973
 13004.800     0.99939
 13004.900     0.99858
 13005.000     0.99695
 13005.100     0.99439
 13005.200     0.99145
 13005.300     0.98935
 13005.400     0.98922
 13005.500     0.99114
 13005.600     0.99404
 13005.700     0.99661
 13005.800     0.99822
 13005.900     0.99893
 13006.000     0.99878
 13006.100     0.99718
 13006.200     0.99243
 13006.300     0.98165
 13006.400     0.96286
 13006.500     0.93873
 13006.600     0.91830
 13006.700     0.91213
 13006.800     0.92378
 13006.900     0.94653
 13007.000     0.96934
 13007.100     0.98497
 13007.200     0.99262
 13007.300     0.99515
 13007.400     0.99564
 13007.500     0.99590
 13007.600     0.99665
 13007.700     0.99770
 13007.800     0.99864
 13007.900     0.99923
 13008.000     0.99949
 13008.100     0.99956
 13008.200     0.99957
 13008.300     0.99958
 13008.400     0.99963
 13008.500     0.99968
 13008.600     0.99971
 13008.700     0.99973
 13008.800     0.99972
 13008.900     0.99970
 13009.000     0.99958
 13009.100     0.99924
 13009.200     0.99840
 13009.300     0.99683
 13009.400     0.99466
 13009.500     0.99259
 13009.600     0.99162
 13009.700     0.99229
 13009.800     0.99423
 13009.900     0.99647
 13010.000     0.99821
 13010.100     0.99922
 13010.200     0.99967
 13010.300     0.99981
 13010.400     0.99981
 13010.500     0.99974
 13010.600     0.99957
 13010.700     0.99918
 13010.800     0.99826
 13010.900     0.99639
 13011.000     0.99339
 13011.100     0.98971
 13011.200     0.98637
 13011.300     0.98407
 13011.400     0.98223
 13011.500     0.97863
 13011.600     0.97099
 13011.700     0.95965
 13011.800     0.94904
 13011.900     0.94551
 13012.000     0.95204
 13012.100     0.96550
 13012.200     0.97949
 13012.300     0.98946
 13012.400     0.99474
 13012.500     0.99702
 13012.600     0.99805
 13012.700     0.99865
 13012.800     0.99908
 13012.900     0.99931
 13013.000     0.99925
 13013.100     0.99878
 13013.200     0.99787
 13013.300     0.99670
 13013.400     0.99574
 13013.500     0.99548
 13013.600     0.99603
 13013.700     0.99695
 13013.800     0.99771
 13013.900     0.99804
 13014.000     0.99807
 13014.100     0.99809
 13014.200     0.99808
 13014.300     0.99761
 13014.400     0.99581
 13014.500     0.99176
 13014.600     0.98535
 13014.700     0.97827
 13014.800     0.97371
 13014.900     0.97418
 13015.000     0.97936
 13015.100     0.98633
 13015.200     0.99193
 13015.300     0.99464
 13015.400     0.99472
 13015.500     0.99340
 13015.600     0.99205
 13015.700     0.99169
 13015.800     0.99260
 13015.900     0.99435
 13016.000     0.99624
 13016.100     0.99775
 13016.200     0.99876
 13016.300     0.99933
 13016.400     0.99961
 13016.500     0.99974
 13016.600     0.99979
 13016.700     0.99981
 13016.800     0.99981
 13016.900     0.99981
 13017.000     0.99980
 13017.100     0.99980
 13017.200     0.99981
 13017.300     0.99984
 13017.400     0.99987
 13017.500     0.99988
 13017.600     0.99988
 13017.700     0.99987
 13017.800     0.99982
 13017.900     0.99974
 13018.000     0.99960
 13018.100     0.99941
 13018.200     0.99922
 13018.300     0.99907
 13018.400     0.99894
 13018.500     0.99868
 13018.600     0.99802
 13018.700     0.99688
 13018.800     0.99555
 13018.900     0.99471
 13019.000     0.99486
 13019.100     0.99595
 13019.200     0.99739
 13019.300     0.99858
 13019.400     0.99931
 13019.500     0.99966
 13019.600     0.99982
 13019.700     0.99991
 13019.800     0.99995
 13019.900     0.99997
 13020.000     0.99997
 13020.100     0.99994
 13020.200     0.99987
 13020.300     0.99976
 13020.400     0.99959
 13020.500     0.99930
 13020.600     0.99879
 13020.700     0.99799
 13020.800     0.99702
 13020.900     0.99622
 13021.000     0.99601
 13021.100     0.99653
 13021.200     0.99752
 13021.300     0.99854
 13021.400     0.99926
 13021.500     0.99962
 13021.600     0.99970
 13021.700     0.99958
 13021.800     0.99928
 13021.900     0.99881
 13022.000     0.99813
 13022.100     0.99712
 13022.200     0.99578
 13022.300     0.99444
 13022.400     0.99374
 13022.500     0.99412
 13022.600     0.99541
 13022.700     0.99697
 13022.800     0.99819
 13022.900     0.99890
 13023.000     0.99924
 13023.100     0.99940
 13023.200     0.99950
 13023.300     0.99952
 13023.400     0.99936
 13023.500     0.99867
 13023.600     0.99698
 13023.700     0.99371
 13023.800     0.98875
 13023.900     0.98311
 13024.000     0.97896
 13024.100     0.97838
 13024.200     0.98175
 13024.300     0.98732
 13024.400     0.99271
 13024.500     0.99646
 13024.600     0.99849
 13024.700     0.99939
 13024.800     0.99972
 13024.900     0.99980
 13025.000     0.99981
 13025.100     0.99981
 13025.200     0.99980
 13025.300     0.99982
 13025.400     0.99986
 13025.500     0.99991
 13025.600     0.99993
 13025.700     0.99993
 13025.800     0.99988
 13025.900     0.99972
 13026.000     0.99937
 13026.100     0.99874
 13026.200     0.99789
 13026.300     0.99710
 13026.400     0.99676
 13026.500     0.99708
 13026.600     0.99786
 13026.700     0.99871
 13026.800     0.99933
 13026.900     0.99965
 13027.000     0.99976
 13027.100     0.99977
 13027.200     0.99974
 13027.300     0.99970
 13027.400     0.99965
 13027.500     0.99959
 13027.600     0.99951
 13027.700     0.99943
 13027.800     0.99938
 13027.900     0.99936
 13028.000     0.99934
 13028.100     0.99929
 13028.200     0.99917
 13028.300     0.99897
 13028.400     0.99866
 13028.500     0.99824
 13028.600     0.99771
 13028.700     0.99697
 13028.800     0.99560
 13028.900     0.99256
 13029.000     0.98575
 13029.100     0.97220
 13029.200     0.94963
 13029.300     0.91997
 13029.400     0.89163
 13029.500     0.87645
 13029.600     0.88184
 13029.700     0.90497
 13029.800     0.93499
 13029.900     0.96105
 13030.000     0.97808
 13030.100     0.98659
 13030.200     0.98888
 13030.300     0.98603
 13030.400     0.97679
 13030.500     0.95814
 13030.600     0.92796
 13030.700     0.88949
 13030.800     0.85374
 13030.900     0.83533
 13031.000     0.84298
 13031.100     0.87295
 13031.200     0.91195
 13031.300     0.94657
 13031.400     0.97026
 13031.500     0.98351
 13031.600     0.98989
 13031.700     0.99284
 13031.800     0.99443
 13031.900     0.99556
 13032.000     0.99637
 13032.100     0.99673
 13032.200     0.99656
 13032.300     0.99599
 13032.400     0.99538
 13032.500     0.99511
 13032.600     0.99535
 13032.700     0.99581
 13032.800     0.99576
 13032.900     0.99379
 13033.000     0.98735
 13033.100     0.97214
 13033.200     0.94342
 13033.300     0.90093
 13033.400     0.85450
 13033.500     0.82272
 13033.600     0.82148
 13033.700     0.85147
 13033.800     0.89751
 13033.900     0.94067
 13034.000     0.97034
 13034.100     0.98631
 13034.200     0.99342
 13034.300     0.99621
 13034.400     0.99723
 13034.500     0.99760
 13034.600     0.99770
 13034.700     0.99764
 13034.800     0.99760
 13034.900     0.99767
 13035.000     0.99791
 13035.100     0.99825
 13035.200     0.99858
 13035.300     0.99868
 13035.400     0.99830
 13035.500     0.99702
 13035.600     0.99425
 13035.700     0.98975
 13035.800     0.98439
 13035.900     0.98037
 13036.000     0.97986
 13036.100     0.98317
 13036.200     0.98845
 13036.300     0.99328
 13036.400     0.99633
 13036.500     0.99762
 13036.600     0.99782
 13036.700     0.99754
 13036.800     0.99705
 13036.900     0.99633
 13037.000     0.99508
 13037.100     0.99305
 13037.200     0.99055
 13037.300     0.98854
 13037.400     0.98812
 13037.500     0.98960
 13037.600     0.99226
 13037.700     0.99494
 13037.800     0.99681
 13037.900     0.99776
 13038.000     0.99813
 13038.100     0.99831
 13038.200     0.99853
 13038.300     0.99878
 13038.400     0.99895
 13038.500     0.99891
 13038.600     0.99851
 13038.700     0.99755
 13038.800     0.99595
 13038.900     0.99385
 13039.000     0.99130
 13039.100     0.98757
 13039.200     0.98014
 13039.300     0.96541
 13039.400     0.94233
 13039.500     0.91643
 13039.600     0.89906
 13039.700     0.89985
 13039.800     0.91862
 13039.900     0.94566
 13040.000     0.96983
 13040.100     0.98566
 13040.200     0.99374
 13040.300     0.99711
 13040.400     0.99821
 13040.500     0.99838
 13040.600     0.99825
 13040.700     0.99809
 13040.800     0.99802
 13040.900     0.99808
 13041.000     0.99817
 13041.100     0.99805
 13041.200     0.99755
 13041.300     0.99678
 13041.400     0.99616
 13041.500     0.99613
 13041.600     0.99678
 13041.700     0.99778
 13041.800     0.99870
 13041.900     0.99932
 13042.000     0.99965
 13042.100     0.99981
 13042.200     0.99990
 13042.300     0.99995
 13042.400     0.99998
 13042.500     0.99999
 13042.600     0.99999
 13042.700     0.99999
 13042.800     0.99998
 13042.900     0.99996
 13043.000     0.99994
 13043.100     0.99991
 13043.200     0.99988
 13043.300     0.99984
 13043.400     0.99977
 13043.500     0.99963
 13043.600     0.99933
 13043.700     0.99876
 13043.800     0.99785
 13043.900     0.99678
 13044.000     0.99597
 13044.100     0.99584
 13044.200     0.99645
 13044.300     0.99749
 13044.400     0.99848
 13044.500     0.99917
 13044.600     0.99956
 13044.700     0.99975
 13044.800     0.99983
 13044.900     0.99986
 13045.000     0.99985
 13045.100     0.99977
 13045.200     0.99956
 13045.300     0.99914
 13045.400     0.99844
 13045.500     0.99758
 13045.600     0.99685
 13045.700     0.99653
 13045.800     0.99665
 13045.900     0.99696
 13046.000     0.99727
 13046.100     0.99756
 13046.200     0.99795
 13046.300     0.99847
 13046.400     0.99898
 13046.500     0.99933
 13046.600     0.99948
 13046.700     0.99949
 13046.800     0.99945
 13046.900     0.99944
 13047.000     0.99943
 13047.100     0.99927
 13047.200     0.99865
 13047.300     0.99701
 13047.400     0.99371
 13047.500     0.98843
 13047.600     0.98171
 13047.700     0.97436
 13047.800     0.96579
 13047.900     0.95429
 13048.000     0.94010
 13048.100     0.92824
 13048.200     0.92581
 13048.300     0.93555
 13048.400     0.95290
 13048.500     0.97023
 13048.600     0.98277
 13048.700     0.99021
 13048.800     0.99430
 13048.900     0.99656
 13049.000     0.99776
 13049.100     0.99839
 13049.200     0.99876
 13049.300     0.99906
 13049.400     0.99932
 13049.500     0.99954
 13049.600     0.99969
 13049.700     0.99975
 13049.800     0.99973
 13049.900     0.99964
 13050.000     0.99947
 13050.100     0.99926
 13050.200     0.99903
 13050.300     0.99883
 13050.400     0.99861
 13050.500     0.99822
 13050.600     0.99750
 13050.700     0.99657
 13050.800     0.99584
 13050.900     0.99577
 13051.000     0.99645
 13051.100     0.99753
 13051.200     0.99853
 13051.300     0.99915
 13051.400     0.99932
 13051.500     0.99909
 13051.600     0.99853
 13051.700     0.99771
 13051.800     0.99677
 13051.900     0.99594
 13052.000     0.99556
 13052.100     0.99584
 13052.200     0.99663
 13052.300     0.99752
 13052.400     0.99798
 13052.500     0.99768
 13052.600     0.99658
 13052.700     0.99506
 13052.800     0.99388
 13052.900     0.99370
 13053.000     0.99443
 13053.100     0.99521
 13053.200     0.99474
 13053.300     0.99204
 13053.400     0.98724
 13053.500     0.98203
 13053.600     0.97903
 13053.700     0.98001
 13053.800     0.98445
 13053.900     0.99006
 13054.000     0.99469
 13054.100     0.99752
 13054.200     0.99888
 13054.300     0.99941
 13054.400     0.99959
 13054.500     0.99962
 13054.600     0.99961
 13054.700     0.99956
 13054.800     0.99946
 13054.900     0.99931
 13055.000     0.99909
 13055.100     0.99881
 13055.200     0.99850
 13055.300     0.99824
 13055.400     0.99812
 13055.500     0.99817
 13055.600     0.99838
 13055.700     0.99867
 13055.800     0.99894
 13055.900     0.99915
 13056.000     0.99924
 13056.100     0.99920
 13056.200     0.99900
 13056.300     0.99869
 13056.400     0.99837
 13056.500     0.99820
 13056.600     0.99829
 13056.700     0.99858
 13056.800     0.99893
 13056.900     0.99918
 13057.000     0.99927
 13057.100     0.99914
 13057.200     0.99852
 13057.300     0.99684
 13057.400     0.99299
 13057.500     0.98539
 13057.600     0.97331
 13057.700     0.95889
 13057.800     0.94772
 13057.900     0.94559
 13058.000     0.95382
 13058.100     0.96801
 13058.200     0.98182
 13058.300     0.99138
 13058.400     0.99644
 13058.500     0.99860
 13058.600     0.99935
 13058.700     0.99952
 13058.800     0.99940
 13058.900     0.99894
 13059.000     0.99793
 13059.100     0.99625
 13059.200     0.99423
 13059.300     0.99263
 13059.400     0.99229
 13059.500     0.99336
 13059.600     0.99527
 13059.700     0.99711
 13059.800     0.99838
 13059.900     0.99901
 13060.000     0.99923
 13060.100     0.99924
 13060.200     0.99918
 13060.300     0.99913
 13060.400     0.99912
 13060.500     0.99913
 13060.600     0.99917
 13060.700     0.99921
 13060.800     0.99926
 13060.900     0.99931
 13061.000     0.99937
 13061.100     0.99943
 13061.200     0.99946
 13061.300     0.99945
 13061.400     0.99933
 13061.500     0.99894
 13061.600     0.99801
 13061.700     0.99637
 13061.800     0.99418
 13061.900     0.99209
 13062.000     0.99092
 13062.100     0.99120
 13062.200     0.99278
 13062.300     0.99495
 13062.400     0.99695
 13062.500     0.99829
 13062.600     0.99886
 13062.700     0.99881
 13062.800     0.99838
 13062.900     0.99791
 13063.000     0.99769
 13063.100     0.99782
 13063.200     0.99820
 13063.300     0.99866
 13063.400     0.99908
 13063.500     0.99943
 13063.600     0.99969
 13063.700     0.99985
 13063.800     0.99993
 13063.900     0.99995
 13064.000     0.99992
 13064.100     0.99984
 13064.200     0.99974
 13064.300     0.99966
 13064.400     0.99964
 13064.500     0.99968
 13064.600     0.99976
 13064.700     0.99981
 13064.800     0.99983
 13064.900     0.99984
 13065.000     0.99984
 13065.100     0.99986
 13065.200     0.99989
 13065.300     0.99991
 13065.400     0.99992
 13065.500     0.99992
 13065.600     0.99991
 13065.700     0.99988
 13065.800     0.99983
 13065.900     0.99972
 13066.000     0.99954
 13066.100     0.99926
 13066.200     0.99895
 13066.300     0.99871
 13066.400     0.99867
 13066.500     0.99886
 13066.600     0.99918
 13066.700     0.99946
 13066.800     0.99961
 13066.900     0.99962
 13067.000     0.99956
 13067.100     0.99953
 13067.200     0.99957
 13067.300     0.99967
 13067.400     0.99977
 13067.500     0.99984
 13067.600     0.99985
 13067.700     0.99980
 13067.800     0.99971
 13067.900     0.99958
 13068.000     0.99945
 13068.100     0.99937
 13068.200     0.99939
 13068.300     0.99949
 13068.400     0.99962
 13068.500     0.99972
 13068.600     0.99976
 13068.700     0.99970
 13068.800     0.99945
 13068.900     0.99884
 13069.000     0.99769
 13069.100     0.99611
 13069.200     0.99463
 13069.300     0.99397
 13069.400     0.99453
 13069.500     0.99597
 13069.600     0.99758
 13069.700     0.99879
 13069.800     0.99947
 13069.900     0.99975
 13070.000     0.99983
 13070.100     0.99981
 13070.200     0.99971
 13070.300     0.99954
 13070.400     0.99927
 13070.500     0.99893
 13070.600     0.99864
 13070.700     0.99853
 13070.800     0.99865
 13070.900     0.99891
 13071.000     0.99914
 13071.100     0.99926
 13071.200     0.99928
 13071.300     0.99929
 13071.400     0.99934
 13071.500     0.99939
 13071.600     0.99938
 13071.700     0.99923
 13071.800     0.99886
 13071.900     0.99818
 13072.000     0.99725
 13072.100     0.99636
 13072.200     0.99589
 13072.300     0.99593
 13072.400     0.99615
 13072.500     0.99616
 13072.600     0.99593
 13072.700     0.99588
 13072.800     0.99635
 13072.900     0.99731
 13073.000     0.99835
 13073.100     0.99915
 13073.200     0.99961
 13073.300     0.99980
 13073.400     0.99985
 13073.500     0.99980
 13073.600     0.99967
 13073.700     0.99945
 13073.800     0.99917
 13073.900     0.99888
 13074.000     0.99862
 13074.100     0.99840
 13074.200     0.99822
 13074.300     0.99812
 13074.400     0.99817
 13074.500     0.99834
 13074.600     0.99855
 13074.700     0.99871
 13074.800     0.99876
 13074.900     0.99877
 13075.000     0.99878
 13075.100     0.99882
 13075.200     0.99888
 13075.300     0.99893
 13075.400     0.99893
 13075.500     0.99882
 13075.600     0.99844
 13075.700     0.99769
 13075.800     0.99672
 13075.900     0.99598
 13076.000     0.99588
 13076.100     0.99648
 13076.200     0.99741
 13076.300     0.99820
 13076.400     0.99858
 13076.500     0.99847
 13076.600     0.99771
 13076.700     0.99574
 13076.800     0.99117
 13076.900     0.98158
 13077.000     0.96512
 13077.100     0.94386
 13077.200     0.92531
 13077.300     0.91863
 13077.400     0.92741
 13077.500     0.94655
 13077.600     0.96688
 13077.700     0.98197
 13077.800     0.99065
 13077.900     0.99478
 13078.000     0.99641
 13078.100     0.99672
 13078.200     0.99642
 13078.300     0.99609
 13078.400     0.99609
 13078.500     0.99636
 13078.600     0.99628
 13078.700     0.99489
 13078.800     0.99155
 13078.900     0.98679
 13079.000     0.98255
 13079.100     0.98116
 13079.200     0.98349
 13079.300     0.98825
 13079.400     0.99317
 13079.500     0.99670
 13079.600     0.99857
 13079.700     0.99930
 13079.800     0.99948
 13079.900     0.99945
 13080.000     0.99943
 13080.100     0.99950
 13080.200     0.99965
 13080.300     0.99979
 13080.400     0.99990
 13080.500     0.99996
 13080.600     0.99999
 13080.700     1.00000
 13080.800     1.00000
 13080.900     1.00000
 13081.000     1.00000
 13081.100     0.99999
 13081.200     0.99997
 13081.300     0.99993
 13081.400     0.99987
 13081.500     0.99977
 13081.600     0.99957
 13081.700     0.99924
 13081.800     0.99881
 13081.900     0.99844
 13082.000     0.99830
 13082.100     0.99849
 13082.200     0.99890
 13082.300     0.99933
 13082.400     0.99962
 13082.500     0.99974
 13082.600     0.99967
 13082.700     0.99944
 13082.800     0.99911
 13082.900     0.99878
 13083.000     0.99860
 13083.100     0.99862
 13083.200     0.99872
 13083.300     0.99867
 13083.400     0.99821
 13083.500     0.99722
 13083.600     0.99582
 13083.700     0.99435
 13083.800     0.99312
 13083.900     0.99231
 13084.000     0.99205
 13084.100     0.99247
 13084.200     0.99356
 13084.300     0.99490
 13084.400     0.99587
 13084.500     0.99610
 13084.600     0.99573
 13084.700     0.99510
 13084.800     0.99449
 13084.900     0.99409
 13085.000     0.99416
 13085.100     0.99484
 13085.200     0.99592
 13085.300     0.99675
 13085.400     0.99648
 13085.500     0.99402
 13085.600     0.98793
 13085.700     0.97691
 13085.800     0.96151
 13085.900     0.94559
 13086.000     0.93484
 13086.100     0.93263
 13086.200     0.93760
 13086.300     0.94582
 13086.400     0.95488
 13086.500     0.96474
 13086.600     0.97529
 13086.700     0.98504
 13086.800     0.99223
 13086.900     0.99641
 13087.000     0.99836
 13087.100     0.99909
 13087.200     0.99924
 13087.300     0.99908
 13087.400     0.99871
 13087.500     0.99816
 13087.600     0.99757
 13087.700     0.99722
 13087.800     0.99732
 13087.900     0.99784
 13088.000     0.99851
 13088.100     0.99907
 13088.200     0.99938
 13088.300     0.99949
 13088.400     0.99951
 13088.500     0.99953
 13088.600     0.99959
 13088.700     0.99968
 13088.800     0.99977
 13088.900     0.99983
 13089.000     0.99983
 13089.100     0.99978
 13089.200     0.99967
 13089.300     0.99951
 13089.400     0.99931
 13089.500     0.99912
 13089.600     0.99898
 13089.700     0.99890
 13089.800     0.99887
 13089.900     0.99888
 13090.000     0.99893
 13090.100     0.99903
 13090.200     0.99917
 13090.300     0.99923
 13090.400     0.99899
 13090.500     0.99801
 13090.600     0.99566
 13090.700     0.99159
 13090.800     0.98648
 13090.900     0.98232
 13091.000     0.98128
 13091.100     0.98397
 13091.200     0.98890
 13091.300     0.99377
 13091.400     0.99713
 13091.500     0.99889
 13091.600     0.99961
 13091.700     0.99985
 13091.800     0.99992
 13091.900     0.99995
 13092.000     0.99998
 13092.100     0.99999
 13092.200     1.00000
 13092.300     1.00000
 13092.400     1.00000
 13092.500     1.00000
 13092.600     1.00000
 13092.700     1.00000
 13092.800     1.00000
 13092.900     1.00000
 13093.000     0.99999
 13093.100     0.99999
 13093.200     0.99998
 13093.300     0.99998
 13093.400     0.99998
 13093.500     0.99997
 13093.600     0.99994
 13093.700     0.99984
 13093.800     0.99963
 13093.900     0.99926
 13094.000     0.99878
 13094.100     0.99830
 13094.200     0.99804
 13094.300     0.99810
 13094.400     0.99845
 13094.500     0.99893
 13094.600     0.99936
 13094.700     0.99966
 13094.800     0.99983
 13094.900     0.99989
 13095.000     0.99988
 13095.100     0.99979
 13095.200     0.99964
 13095.300     0.99947
 13095.400     0.99935
 13095.500     0.99935
 13095.600     0.99946
 13095.700     0.99961
 13095.800     0.99972
 13095.900     0.99974
 13096.000     0.99964
 13096.100     0.99940
 13096.200     0.99901
 13096.300     0.99854
 13096.400     0.99818
 13096.500     0.99808
 13096.600     0.99829
 13096.700     0.99868
 13096.800     0.99904
 13096.900     0.99923
 13097.000     0.99917
 13097.100     0.99883
 13097.200     0.99828
 13097.300     0.99772
 13097.400     0.99740
 13097.500     0.99746
 13097.600     0.99782
 13097.700     0.99826
 13097.800     0.99858
 13097.900     0.99868
 13098.000     0.99849
 13098.100     0.99780
 13098.200     0.99594
 13098.300     0.99160
 13098.400     0.98232
 13098.500     0.96474
 13098.600     0.93725
 13098.700     0.90456
 13098.800     0.87882
 13098.900     0.87295
 13099.000     0.89020
 13099.100     0.92123
 13099.200     0.95203
 13099.300     0.97389
 13099.400     0.98607
 13099.500     0.99188
 13099.600     0.99434
 13099.700     0.99509
 13099.800     0.99494
 13099.900     0.99425
 13100.000     0.99320
 13100.100     0.99215
 13100.200     0.99161
 13100.300     0.99192
 13100.400     0.99285
 13100.500     0.99370
 13100.600     0.99394
 13100.700     0.99360
 13100.800     0.99309
 13100.900     0.99275
 13101.000     0.99247
 13101.100     0.99184
 13101.200     0.99030
 13101.300     0.98702
 13101.400     0.98047
 13101.500     0.96775
 13101.600     0.94468
 13101.700     0.90805
 13101.800     0.85990
 13101.900     0.81104
 13102.000     0.77839
 13102.100     0.77556
 13102.200     0.80343
 13102.300     0.84955
 13102.400     0.89683
 13102.500     0.93363
 13102.600     0.95715
 13102.700     0.97014
 13102.800     0.97622
 13102.900     0.97780
 13103.000     0.97668
 13103.100     0.97512
 13103.200     0.97538
 13103.300     0.97833
 13103.400     0.98289
 13103.500     0.98719
 13103.600     0.99027
 13103.700     0.99235
 13103.800     0.99400
 13103.900     0.99534
 13104.000     0.99598
 13104.100     0.99534
 13104.200     0.99298
 13104.300     0.98915
 13104.400     0.98524
 13104.500     0.98327
 13104.600     0.98441
 13104.700     0.98783
 13104.800     0.99145
 13104.900     0.99372
 13105.000     0.99460
 13105.100     0.99504
 13105.200     0.99581
 13105.300     0.99689
 13105.400     0.99783
 13105.500     0.99825
 13105.600     0.99815
 13105.700     0.99785
 13105.800     0.99770
 13105.900     0.99788
 13106.000     0.99831
 13106.100     0.99881
 13106.200     0.99924
 13106.300     0.99954
 13106.400     0.99972
 13106.500     0.99981
 13106.600     0.99984
 13106.700     0.99983
 13106.800     0.99980
 13106.900     0.99976
 13107.000     0.99973
 13107.100     0.99970
 13107.200     0.99965
 13107.300     0.99944
 13107.400     0.99874
 13107.500     0.99697
 13107.600     0.99321
 13107.700     0.98700
 13107.800     0.97942
 13107.900     0.97336
 13108.000     0.97190
 13108.100     0.97574
 13108.200     0.98257
 13108.300     0.98921
 13108.400     0.99382
 13108.500     0.99641
 13108.600     0.99777
 13108.700     0.99856
 13108.800     0.99907
 13108.900     0.99944
 13109.000     0.99968
 13109.100     0.99981
 13109.200     0.99987
 13109.300     0.99989
 13109.400     0.99990
 13109.500     0.99989
 13109.600     0.99986
 13109.700     0.99978
 13109.800     0.99958
 13109.900     0.99923
 13110.000     0.99876
 13110.100     0.99833
 13110.200     0.99816
 13110.300     0.99831
 13110.400     0.99867
 13110.500     0.99903
 13110.600     0.99924
 13110.700     0.99932
 13110.800     0.99936
 13110.900     0.99941
 13111.000     0.99948
 13111.100     0.99954
 13111.200     0.99954
 13111.300     0.99949
 13111.400     0.99938
 13111.500     0.99917
 13111.600     0.99885
 13111.700     0.99841
 13111.800     0.99787
 13111.900     0.99722
 13112.000     0.99642
 13112.100     0.99536
 13112.200     0.99393
 13112.300     0.99203
 13112.400     0.98967
 13112.500     0.98724
 13112.600     0.98554
 13112.700     0.98534
 13112.800     0.98663
 13112.900     0.98819
 13113.000     0.98830
 13113.100     0.98619
 13113.200     0.98300
 13113.300     0.98116
 13113.400     0.98245
 13113.500     0.98655
 13113.600     0.99154
 13113.700     0.99556
 13113.800     0.99798
 13113.900     0.99911
 13114.000     0.99954
 13114.100     0.99968
 13114.200     0.99972
 13114.300     0.99974
 13114.400     0.99976
 13114.500     0.99978
 13114.600     0.99979
 13114.700     0.99980
 13114.800     0.99981
 13114.900     0.99980
 13115.000     0.99978
 13115.100     0.99970
 13115.200     0.99957
 13115.300     0.99937
 13115.400     0.99913
 13115.500     0.99884
 13115.600     0.99840
 13115.700     0.99760
 13115.800     0.99618
 13115.900     0.99414
 13116.000     0.99178
 13116.100     0.98968
 13116.200     0.98836
 13116.300     0.98808
 13116.400     0.98871
 13116.500     0.98951
 13116.600     0.98914
 13116.700     0.98585
 13116.800     0.97822
 13116.900     0.96642
 13117.000     0.95326
 13117.100     0.94359
 13117.200     0.94128
 13117.300     0.94613
 13117.400     0.95389
 13117.500     0.95958
 13117.600     0.96095
 13117.700     0.95934
 13117.800     0.95796
 13117.900     0.95941
 13118.000     0.96424
 13118.100     0.97117
 13118.200     0.97825
 13118.300     0.98414
 13118.400     0.98844
 13118.500     0.99138
 13118.600     0.99336
 13118.700     0.99472
 13118.800     0.99568
 13118.900     0.99640
 13119.000     0.99693
 13119.100     0.99734
 13119.200     0.99767
 13119.300     0.99794
 13119.400     0.99819
 13119.500     0.99840
 13119.600     0.99858
 13119.700     0.99872
 13119.800     0.99882
 13119.900     0.99881
 13120.000     0.99863
 13120.100     0.99814
 13120.200     0.99729
 13120.300     0.99626
 13120.400     0.99549
 13120.500     0.99536
 13120.600     0.99575
 13120.700     0.99598
 13120.800     0.99519
 13120.900     0.99306
 13121.000     0.98996
 13121.100     0.98667
 13121.200     0.98373
 13121.300     0.98123
 13121.400     0.97892
 13121.500     0.97648
 13121.600     0.97364
 13121.700     0.97021
 13121.800     0.96601
 13121.900     0.96090
 13122.000     0.95468
 13122.100     0.94724
 13122.200     0.93848
 13122.300     0.92829
 13122.400     0.91624
 13122.500     0.90126
 13122.600     0.88161
 13122.700     0.85503
 13122.800     0.81885
 13122.900     0.77043
 13123.000     0.70888
 13123.100     0.63803
 13123.200     0.56835
 13123.300     0.51522
 13123.400     0.49295
 13123.500     0.50809
 13123.600     0.55613
 13123.700     0.62380
 13123.800     0.69534
 13123.900     0.75903
 13124.000     0.80986
 13124.100     0.84821
 13124.200     0.87676
 13124.300     0.89830
 13124.400     0.91497
 13124.500     0.92831
 13124.600     0.93924
 13124.700     0.94828
 13124.800     0.95568
 13124.900     0.96164
 13125.000     0.96635
 13125.100     0.97006
 13125.200     0.97297
 13125.300     0.97531
 13125.400     0.97734
 13125.500     0.97932
 13125.600     0.98147
 13125.700     0.98394
 13125.800     0.98688
 13125.900     0.99023
 13126.000     0.99360
 13126.100     0.99642
 13126.200     0.99830
 13126.300     0.99927
 13126.400     0.99963
 13126.500     0.99970
 13126.600     0.99967
 13126.700     0.99964
 13126.800     0.99968
 13126.900     0.99977
 13127.000     0.99986
 13127.100     0.99993
 13127.200     0.99997
 13127.300     0.99999
 13127.400     0.99998
 13127.500     0.99997
 13127.600     0.99994
 13127.700     0.99992
 13127.800     0.99990
 13127.900     0.99989
 13128.000     0.99988
 13128.100     0.99985
 13128.200     0.99979
 13128.300     0.99970
 13128.400     0.99961
 13128.500     0.99954
 13128.600     0.99953
 13128.700     0.99957
 13128.800     0.99963
 13128.900     0.99966
 13129.000     0.99967
 13129.100     0.99964
 13129.200     0.99959
 13129.300     0.99951
 13129.400     0.99936
 13129.500     0.99910
 13129.600     0.99859
 13129.700     0.99768
 13129.800     0.99618
 13129.900     0.99409
 13130.000     0.99179
 13130.100     0.99007
 13130.200     0.98967
 13130.300     0.99079
 13130.400     0.99289
 13130.500     0.99514
 13130.600     0.99693
 13130.700     0.99810
 13130.800     0.99875
 13130.900     0.99910
 13131.000     0.99925
 13131.100     0.99931
 13131.200     0.99930
 13131.300     0.99923
 13131.400     0.99905
 13131.500     0.99862
 13131.600     0.99775
 13131.700     0.99639
 13131.800     0.99492
 13131.900     0.99404
 13132.000     0.99426
 13132.100     0.99550
 13132.200     0.99709
 13132.300     0.99841
 13132.400     0.99920
 13132.500     0.99955
 13132.600     0.99965
 13132.700     0.99964
 13132.800     0.99960
 13132.900     0.99954
 13133.000     0.99948
 13133.100     0.99942
 13133.200     0.99936
 13133.300     0.99931
 13133.400     0.99924
 13133.500     0.99912
 13133.600     0.99894
 13133.700     0.99868
 13133.800     0.99838
 13133.900     0.99801
 13134.000     0.99760
 13134.100     0.99706
 13134.200     0.99588
 13134.300     0.99257
 13134.400     0.98385
 13134.500     0.96433
 13134.600     0.92874
 13134.700     0.87787
 13134.800     0.82410
 13134.900     0.78832
 13135.000     0.78701
 13135.100     0.82000
 13135.200     0.87122
 13135.300     0.92097
 13135.400     0.95744
 13135.500     0.97892
 13135.600     0.98929
 13135.700     0.99324
 13135.800     0.99431
 13135.900     0.99468
 13136.000     0.99530
 13136.100     0.99626
 13136.200     0.99726
 13136.300     0.99805
 13136.400     0.99854
 13136.500     0.99881
 13136.600     0.99892
 13136.700     0.99893
 13136.800     0.99891
 13136.900     0.99891
 13137.000     0.99894
 13137.100     0.99900
 13137.200     0.99910
 13137.300     0.99924
 13137.400     0.99944
 13137.500     0.99964
 13137.600     0.99981
 13137.700     0.99991
 13137.800     0.99996
 13137.900     0.99997
 13138.000     0.99997
 13138.100     0.99996
 13138.200     0.99996
 13138.300     0.99997
 13138.400     0.99997
 13138.500     0.99996
 13138.600     0.99993
 13138.700     0.99985
 13138.800     0.99974
 13138.900     0.99958
 13139.000     0.99941
 13139.100     0.99931
 13139.200     0.99929
 13139.300     0.99933
 13139.400     0.99935
 13139.500     0.99926
 13139.600     0.99907
 13139.700     0.99887
 13139.800     0.99876
 13139.900     0.99879
 13140.000     0.99888
 13140.100     0.99887
 13140.200     0.99858
 13140.300     0.99802
 13140.400     0.99746
 13140.500     0.99724
 13140.600     0.99754
 13140.700     0.99820
 13140.800     0.99888
 13140.900     0.99935
 13141.000     0.99959
 13141.100     0.99969
 13141.200     0.99972
 13141.300     0.99972
 13141.400     0.99970
 13141.500     0.99967
 13141.600     0.99967
 13141.700     0.99971
 13141.800     0.99975
 13141.900     0.99978
 13142.000     0.99975
 13142.100     0.99969
 13142.200     0.99963
 13142.300     0.99961
 13142.400     0.99964
 13142.500     0.99973
 13142.600     0.99982
 13142.700     0.99990
 13142.800     0.99995
 13142.900     0.99998
 13143.000     0.99999
 13143.100     0.99999
 13143.200     0.99999
 13143.300     0.99998
 13143.400     0.99998
 13143.500     0.99998
 13143.600     0.99999
 13143.700     0.99999
 13143.800     1.00000
 13143.900     1.00000
 13144.000     0.99999
 13144.100     0.99998
 13144.200     0.99995
 13144.300     0.99991
 13144.400     0.99978
 13144.500     0.99935
 13144.600     0.99825
 13144.700     0.99587
 13144.800     0.99186
 13144.900     0.98694
 13145.000     0.98305
 13145.100     0.98228
 13145.200     0.98506
 13145.300     0.98984
 13145.400     0.99436
 13145.500     0.99737
 13145.600     0.99885
 13145.700     0.99937
 13145.800     0.99944
 13145.900     0.99935
 13146.000     0.99929
 13146.100     0.99930
 13146.200     0.99936
 13146.300     0.99938
 13146.400     0.99920
 13146.500     0.99855
 13146.600     0.99695
 13146.700     0.99389
 13146.800     0.98936
 13146.900     0.98450
 13147.000     0.98135
 13147.100     0.98136
 13147.200     0.98375
 13147.300     0.98542
 13147.400     0.98218
 13147.500     0.96969
 13147.600     0.94516
 13147.700     0.91107
 13147.800     0.87801
 13147.900     0.86098
 13148.000     0.86905
 13148.100     0.89764
 13148.200     0.93241
 13148.300     0.96039
 13148.400     0.97684
 13148.500     0.98383
 13148.600     0.98527
 13148.700     0.98419
 13148.800     0.98249
 13148.900     0.98127
 13149.000     0.98071
 13149.100     0.98027
 13149.200     0.97922
 13149.300     0.97701
 13149.400     0.97349
 13149.500     0.96875
 13149.600     0.96298
 13149.700     0.95607
 13149.800     0.94734
 13149.900     0.93526
 13150.000     0.91748
 13150.100     0.89070
 13150.200     0.85086
 13150.300     0.79459
 13150.400     0.72282
 13150.500     0.64420
 13150.600     0.57502
 13150.700     0.53367
 13150.800     0.53247
 13150.900     0.57180
 13151.000     0.63989
 13151.100     0.71830
 13151.200     0.79017
 13151.300     0.84613
 13151.400     0.88508
 13151.500     0.91095
 13151.600     0.92881
 13151.700     0.94232
 13151.800     0.95325
 13151.900     0.96202
 13152.000     0.96855
 13152.100     0.97261
 13152.200     0.97359
 13152.300     0.97003
 13152.400     0.96025
 13152.500     0.94454
 13152.600     0.92744
 13152.700     0.91689
 13152.800     0.91912
 13152.900     0.93365
 13153.000     0.95379
 13153.100     0.97209
 13153.200     0.98480
 13153.300     0.99213
 13153.400     0.99586
 13153.500     0.99753
 13153.600     0.99811
 13153.700     0.99811
 13153.800     0.99762
 13153.900     0.99632
 13154.000     0.99353
 13154.100     0.98819
 13154.200     0.97950
 13154.300     0.96809
 13154.400     0.95699
 13154.500     0.95063
 13154.600     0.95204
 13154.700     0.96051
 13154.800     0.97217
 13154.900     0.98285
 13155.000     0.99038
 13155.100     0.99472
 13155.200     0.99684
 13155.300     0.99770
 13155.400     0.99796
 13155.500     0.99806
 13155.600     0.99822
 13155.700     0.99852
 13155.800     0.99890
 13155.900     0.99923
 13156.000     0.99947
 13156.100     0.99960
 13156.200     0.99966
 13156.300     0.99969
 13156.400     0.99970
 13156.500     0.99970
 13156.600     0.99970
 13156.700     0.99970
 13156.800     0.99971
 13156.900     0.99972
 13157.000     0.99973
 13157.100     0.99973
 13157.200     0.99973
 13157.300     0.99970
 13157.400     0.99966
 13157.500     0.99960
 13157.600     0.99951
 13157.700     0.99940
 13157.800     0.99925
 13157.900     0.99907
 13158.000     0.99887
 13158.100     0.99861
 13158.200     0.99823
 13158.300     0.99768
 13158.400     0.99697
 13158.500     0.99619
 13158.600     0.99550
 13158.700     0.99508
 13158.800     0.99506
 13158.900     0.99545
 13159.000     0.99613
 13159.100     0.99690
 13159.200     0.99760
 13159.300     0.99816
 13159.400     0.99860
 13159.500     0.99892
 13159.600     0.99915
 13159.700     0.99931
 13159.800     0.99942
 13159.900     0.99949
 13160.000     0.99954
 13160.100     0.99954
 13160.200     0.99945
 13160.300     0.99927
 13160.400     0.99901
 13160.500     0.99876
 13160.600     0.99863
 13160.700     0.99867
 13160.800     0.99887
 13160.900     0.99913
 13161.000     0.99934
 13161.100     0.99944
 13161.200     0.99940
 13161.300     0.99924
 13161.400     0.99896
 13161.500     0.99859
 13161.600     0.99817
 13161.700     0.99777
 13161.800     0.99751
 13161.900     0.99749
 13162.000     0.99779
 13162.100     0.99831
 13162.200     0.99886
 13162.300     0.99928
 13162.400     0.99952
 13162.500     0.99964
 13162.600     0.99965
 13162.700     0.99958
 13162.800     0.99943
 13162.900     0.99924
 13163.000     0.99911
 13163.100     0.99912
 13163.200     0.99923
 13163.300     0.99932
 13163.400     0.99924
 13163.500     0.99890
 13163.600     0.99826
 13163.700     0.99742
 13163.800     0.99657
 13163.900     0.99580
 13164.000     0.99508
 13164.100     0.99431
 13164.200     0.99362
 13164.300     0.99339
 13164.400     0.99373
 13164.500     0.99425
 13164.600     0.99427
 13164.700     0.99348
 13164.800     0.99220
 13164.900     0.99113
 13165.000     0.99084
 13165.100     0.99150
 13165.200     0.99291
 13165.300     0.99472
 13165.400     0.99649
 13165.500     0.99791
 13165.600     0.99884
 13165.700     0.99931
 13165.800     0.99943
 13165.900     0.99930
 13166.000     0.99902
 13166.100     0.99871
 13166.200     0.99852
 13166.300     0.99855
 13166.400     0.99876
 13166.500     0.99907
 13166.600     0.99937
 13166.700     0.99957
 13166.800     0.99968
 13166.900     0.99971
 13167.000     0.99964
 13167.100     0.99931
 13167.200     0.99826
 13167.300     0.99561
 13167.400     0.99014
 13167.500     0.98142
 13167.600     0.97127
 13167.700     0.96387
 13167.800     0.96316
 13167.900     0.96952
 13168.000     0.97940
 13168.100     0.98838
 13168.200     0.99416
 13168.300     0.99692
 13168.400     0.99790
 13168.500     0.99805
 13168.600     0.99770
 13168.700     0.99692
 13168.800     0.99579
 13168.900     0.99465
 13169.000     0.99393
 13169.100     0.99383
 13169.200     0.99428
 13169.300     0.99505
 13169.400     0.99592
 13169.500     0.99675
 13169.600     0.99739
 13169.700     0.99773
 13169.800     0.99780
 13169.900     0.99770
 13170.000     0.99757
 13170.100     0.99745
 13170.200     0.99717
 13170.300     0.99663
 13170.400     0.99590
 13170.500     0.99537
 13170.600     0.99545
 13170.700     0.99621
 13170.800     0.99731
 13170.900     0.99830
 13171.000     0.99891
 13171.100     0.99916
 13171.200     0.99922
 13171.300     0.99925
 13171.400     0.99933
 13171.500     0.99946
 13171.600     0.99960
 13171.700     0.99972
 13171.800     0.99981
 13171.900     0.99985
 13172.000     0.99987
 13172.100     0.99987
 13172.200     0.99985
 13172.300     0.99981
 13172.400     0.99973
 13172.500     0.99964
 13172.600     0.99957
 13172.700     0.99957
 13172.800     0.99964
 13172.900     0.99976
 13173.000     0.99987
 13173.100     0.99994
 13173.200     0.99998
 13173.300     0.99999
 13173.400     0.99999
 13173.500     0.99998
 13173.600     0.99996
 13173.700     0.99994
 13173.800     0.99993
 13173.900     0.99991
 13174.000     0.99987
 13174.100     0.99976
 13174.200     0.99952
 13174.300     0.99913
 13174.400     0.99865
 13174.500     0.99817
 13174.600     0.99776
 13174.700     0.99745
 13174.800     0.99719
 13174.900     0.99694
 13175.000     0.99664
 13175.100     0.99628
 13175.200     0.99582
 13175.300     0.99527
 13175.400     0.99459
 13175.500     0.99374
 13175.600     0.99267
 13175.700     0.99129
 13175.800     0.98947
 13175.900     0.98697
 13176.000     0.98337
 13176.100     0.97776
 13176.200     0.96840
 13176.300     0.95224
 13176.400     0.92507
 13176.500     0.88337
 13176.600     0.82844
 13176.700     0.77011
 13176.800     0.72569
 13176.900     0.71180
 13177.000     0.73414
 13177.100     0.78371
 13177.200     0.84269
 13177.300     0.89500
 13177.400     0.93301
 13177.500     0.95706
 13177.600     0.97116
 13177.700     0.97935
 13177.800     0.98428
 13177.900     0.98744
 13178.000     0.98952
 13178.100     0.99091
 13178.200     0.99189
 13178.300     0.99272
 13178.400     0.99355
 13178.500     0.99444
 13178.600     0.99530
 13178.700     0.99604
 13178.800     0.99661
 13178.900     0.99704
 13179.000     0.99738
 13179.100     0.99769
 13179.200     0.99803
 13179.300     0.99838
 13179.400     0.99868
 13179.500     0.99887
 13179.600     0.99899
 13179.700     0.99911
 13179.800     0.99926
 13179.900     0.99942
 13180.000     0.99954
 13180.100     0.99961
 13180.200     0.99965
 13180.300     0.99965
 13180.400     0.99962
 13180.500     0.99952
 13180.600     0.99931
 13180.700     0.99896
 13180.800     0.99843
 13180.900     0.99781
 13181.000     0.99733
 13181.100     0.99726
 13181.200     0.99767
 13181.300     0.99837
 13181.400     0.99905
 13181.500     0.99951
 13181.600     0.99973
 13181.700     0.99976
 13181.800     0.99958
 13181.900     0.99906
 13182.000     0.99794
 13182.100     0.99608
 13182.200     0.99380
 13182.300     0.99197
 13182.400     0.99155
 13182.500     0.99276
 13182.600     0.99494
 13182.700     0.99708
 13182.800     0.99856
 13182.900     0.99934
 13183.000     0.99967
 13183.100     0.99975
 13183.200     0.99969
 13183.300     0.99942
 13183.400     0.99887
 13183.500     0.99804
 13183.600     0.99718
 13183.700     0.99670
 13183.800     0.99686
 13183.900     0.99758
 13184.000     0.99846
 13184.100     0.99914
 13184.200     0.99951
 13184.300     0.99962
 13184.400     0.99954
 13184.500     0.99925
 13184.600     0.99867
 13184.700     0.99778
 13184.800     0.99676
 13184.900     0.99606
 13185.000     0.99605
 13185.100     0.99676
 13185.200     0.99785
 13185.300     0.99883
 13185.400     0.99947
 13185.500     0.99977
 13185.600     0.99983
 13185.700     0.99972
 13185.800     0.99946
 13185.900     0.99909
 13186.000     0.99871
 13186.100     0.99848
 13186.200     0.99848
 13186.300     0.99867
 13186.400     0.99890
 13186.500     0.99909
 13186.600     0.99923
 13186.700     0.99934
 13186.800     0.99942
 13186.900     0.99938
 13187.000     0.99916
 13187.100     0.99879
 13187.200     0.99843
 13187.300     0.99831
 13187.400     0.99851
 13187.500     0.99893
 13187.600     0.99937
 13187.700     0.99969
 13187.800     0.99987
 13187.900     0.99995
 13188.000     0.99998
 13188.100     0.99999
 13188.200     1.00000
 13188.300     1.00000
 13188.400     1.00000
 13188.500     1.00000
 13188.600     1.00000
 13188.700     1.00000
 13188.800     1.00000
 13188.900     1.00000
 13189.000     1.00000
 13189.100     1.00000
 13189.200     1.00000
 13189.300     1.00000
 13189.400     1.00000
 13189.500     1.00000
 13189.600     1.00000
 13189.700     1.00000
 13189.800     1.00000
 13189.900     1.00000
 13190.000     1.00000
