the number of points per synthesis =   1801
start =   9920.000     stop =  10100.000     step =      0.100
  9920.000     1.00000
  9920.100     1.00000
  9920.200     1.00000
  9920.300     1.00000
  9920.400     1.00000
  9920.500     0.99861
  9920.600     0.99871
  9920.700     0.99893
  9920.800     0.99919
  9920.900     0.99930
  9921.000     0.99910
  9921.100     0.99846
  9921.200     0.99736
  9921.300     0.99602
  9921.400     0.99488
  9921.500     0.99447
  9921.600     0.99478
  9921.700     0.99439
  9921.800     0.99007
  9921.900     0.97875
  9922.000     0.96320
  9922.100     0.95416
  9922.200     0.95964
  9922.300     0.97388
  9922.400     0.98419
  9922.500     0.98216
  9922.600     0.96482
  9922.700     0.93706
  9922.800     0.91672
  9922.900     0.92096
  9923.000     0.94452
  9923.100     0.96750
  9923.200     0.98048
  9923.300     0.98754
  9923.400     0.99282
  9923.500     0.99602
  9923.600     0.99597
  9923.700     0.99234
  9923.800     0.98529
  9923.900     0.97471
  9924.000     0.95911
  9924.100     0.93729
  9924.200     0.91423
  9924.300     0.90180
  9924.400     0.91023
  9924.500     0.93710
  9924.600     0.96690
  9924.700     0.98588
  9924.800     0.99241
  9924.900     0.99230
  9925.000     0.99130
  9925.100     0.99182
  9925.200     0.99336
  9925.300     0.99480
  9925.400     0.99594
  9925.500     0.99701
  9925.600     0.99797
  9925.700     0.99865
  9925.800     0.99899
  9925.900     0.99893
  9926.000     0.99854
  9926.100     0.99823
  9926.200     0.99833
  9926.300     0.99856
  9926.400     0.99787
  9926.500     0.99455
  9926.600     0.98744
  9926.700     0.97884
  9926.800     0.97456
  9926.900     0.97672
  9927.000     0.97710
  9927.100     0.96250
  9927.200     0.93001
  9927.300     0.89833
  9927.400     0.89413
  9927.500     0.92142
  9927.600     0.95799
  9927.700     0.98323
  9927.800     0.99389
  9927.900     0.99569
  9928.000     0.99382
  9928.100     0.99191
  9928.200     0.99233
  9928.300     0.99482
  9928.400     0.99730
  9928.500     0.99849
  9928.600     0.99865
  9928.700     0.99854
  9928.800     0.99855
  9928.900     0.99866
  9929.000     0.99869
  9929.100     0.99850
  9929.200     0.99823
  9929.300     0.99811
  9929.400     0.99784
  9929.500     0.99610
  9929.600     0.99131
  9929.700     0.98379
  9929.800     0.97723
  9929.900     0.97575
  9930.000     0.97756
  9930.100     0.97399
  9930.200     0.95920
  9930.300     0.94108
  9930.400     0.93598
  9930.500     0.94814
  9930.600     0.96282
  9930.700     0.96464
  9930.800     0.95303
  9930.900     0.93819
  9931.000     0.92907
  9931.100     0.92819
  9931.200     0.93276
  9931.300     0.93835
  9931.400     0.94546
  9931.500     0.95762
  9931.600     0.97206
  9931.700     0.98135
  9931.800     0.98303
  9931.900     0.98159
  9932.000     0.98231
  9932.100     0.98650
  9932.200     0.99188
  9932.300     0.99593
  9932.400     0.99795
  9932.500     0.99826
  9932.600     0.99634
  9932.700     0.99040
  9932.800     0.98012
  9932.900     0.97049
  9933.000     0.96918
  9933.100     0.97741
  9933.200     0.98818
  9933.300     0.99514
  9933.400     0.99782
  9933.500     0.99845
  9933.600     0.99856
  9933.700     0.99860
  9933.800     0.99867
  9933.900     0.99877
  9934.000     0.99872
  9934.100     0.99791
  9934.200     0.99539
  9934.300     0.99091
  9934.400     0.98650
  9934.500     0.98557
  9934.600     0.98859
  9934.700     0.99165
  9934.800     0.99073
  9934.900     0.98623
  9935.000     0.98288
  9935.100     0.98470
  9935.200     0.99041
  9935.300     0.99579
  9935.400     0.99867
  9935.500     0.99966
  9935.600     0.99987
  9935.700     0.99986
  9935.800     0.99976
  9935.900     0.99959
  9936.000     0.99932
  9936.100     0.99893
  9936.200     0.99839
  9936.300     0.99783
  9936.400     0.99755
  9936.500     0.99778
  9936.600     0.99819
  9936.700     0.99770
  9936.800     0.99436
  9936.900     0.98687
  9937.000     0.97791
  9937.100     0.97431
  9937.200     0.97948
  9937.300     0.98871
  9937.400     0.99558
  9937.500     0.99851
  9937.600     0.99917
  9937.700     0.99915
  9937.800     0.99908
  9937.900     0.99909
  9938.000     0.99909
  9938.100     0.99895
  9938.200     0.99828
  9938.300     0.99625
  9938.400     0.99184
  9938.500     0.98499
  9938.600     0.97857
  9938.700     0.97729
  9938.800     0.98232
  9938.900     0.98953
  9939.000     0.99471
  9939.100     0.99731
  9939.200     0.99859
  9939.300     0.99928
  9939.400     0.99953
  9939.500     0.99928
  9939.600     0.99805
  9939.700     0.99468
  9939.800     0.98847
  9939.900     0.98170
  9940.000     0.97920
  9940.100     0.98298
  9940.200     0.98964
  9940.300     0.99487
  9940.400     0.99719
  9940.500     0.99622
  9940.600     0.98991
  9940.700     0.97643
  9940.800     0.96035
  9940.900     0.95319
  9941.000     0.96080
  9941.100     0.97455
  9941.200     0.98253
  9941.300     0.98320
  9941.400     0.98333
  9941.500     0.98704
  9941.600     0.99150
  9941.700     0.99220
  9941.800     0.98843
  9941.900     0.98399
  9942.000     0.98370
  9942.100     0.98816
  9942.200     0.99366
  9942.300     0.99718
  9942.400     0.99864
  9942.500     0.99901
  9942.600     0.99835
  9942.700     0.99516
  9942.800     0.98654
  9942.900     0.97183
  9943.000     0.95802
  9943.100     0.95583
  9943.200     0.96652
  9943.300     0.97952
  9943.400     0.98459
  9943.500     0.97995
  9943.600     0.97139
  9943.700     0.96758
  9943.800     0.97051
  9943.900     0.97004
  9944.000     0.95445
  9944.100     0.92806
  9944.200     0.91290
  9944.300     0.92478
  9944.400     0.95384
  9944.500     0.97938
  9944.600     0.99247
  9944.700     0.99580
  9944.800     0.99347
  9944.900     0.98807
  9945.000     0.98312
  9945.100     0.98192
  9945.200     0.98427
  9945.300     0.98787
  9945.400     0.99159
  9945.500     0.99501
  9945.600     0.99740
  9945.700     0.99850
  9945.800     0.99871
  9945.900     0.99806
  9946.000     0.99539
  9946.100     0.98888
  9946.200     0.97918
  9946.300     0.97195
  9946.400     0.97316
  9946.500     0.98136
  9946.600     0.98947
  9946.700     0.99283
  9946.800     0.99211
  9946.900     0.99069
  9947.000     0.99132
  9947.100     0.99400
  9947.200     0.99659
  9947.300     0.99724
  9947.400     0.99553
  9947.500     0.99261
  9947.600     0.99078
  9947.700     0.99157
  9947.800     0.99398
  9947.900     0.99548
  9948.000     0.99318
  9948.100     0.98380
  9948.200     0.96565
  9948.300     0.94392
  9948.400     0.93187
  9948.500     0.93925
  9948.600     0.95938
  9948.700     0.97432
  9948.800     0.97098
  9948.900     0.95038
  9949.000     0.92878
  9949.100     0.92633
  9949.200     0.94573
  9949.300     0.97003
  9949.400     0.98298
  9949.500     0.98021
  9949.600     0.96618
  9949.700     0.95258
  9949.800     0.95221
  9949.900     0.96594
  9950.000     0.98259
  9950.100     0.99326
  9950.200     0.99761
  9950.300     0.99855
  9950.400     0.99735
  9950.500     0.99378
  9950.600     0.98869
  9950.700     0.98492
  9950.800     0.98316
  9950.900     0.97840
  9951.000     0.96648
  9951.100     0.95382
  9951.200     0.95276
  9951.300     0.96557
  9951.400     0.98175
  9951.500     0.99153
  9951.600     0.99240
  9951.700     0.98435
  9951.800     0.96892
  9951.900     0.95395
  9952.000     0.95021
  9952.100     0.95975
  9952.200     0.97468
  9952.300     0.98720
  9952.400     0.99476
  9952.500     0.99823
  9952.600     0.99939
  9952.700     0.99962
  9952.800     0.99959
  9952.900     0.99945
  9953.000     0.99879
  9953.100     0.99621
  9953.200     0.98910
  9953.300     0.97648
  9953.400     0.96388
  9953.500     0.96110
  9953.600     0.97063
  9953.700     0.98428
  9953.800     0.99376
  9953.900     0.99777
  9954.000     0.99836
  9954.100     0.99614
  9954.200     0.98982
  9954.300     0.97965
  9954.400     0.97117
  9954.500     0.97144
  9954.600     0.98021
  9954.700     0.99034
  9954.800     0.99657
  9954.900     0.99889
  9955.000     0.99905
  9955.100     0.99786
  9955.200     0.99542
  9955.300     0.99251
  9955.400     0.99074
  9955.500     0.99015
  9955.600     0.98652
  9955.700     0.97406
  9955.800     0.95442
  9955.900     0.94097
  9956.000     0.94546
  9956.100     0.96200
  9956.200     0.97478
  9956.300     0.97761
  9956.400     0.97706
  9956.500     0.97987
  9956.600     0.98453
  9956.700     0.98590
  9956.800     0.98370
  9956.900     0.98285
  9957.000     0.98641
  9957.100     0.99189
  9957.200     0.99502
  9957.300     0.99342
  9957.400     0.98675
  9957.500     0.97757
  9957.600     0.97184
  9957.700     0.97422
  9957.800     0.98271
  9957.900     0.99110
  9958.000     0.99574
  9958.100     0.99727
  9958.200     0.99767
  9958.300     0.99809
  9958.400     0.99865
  9958.500     0.99907
  9958.600     0.99907
  9958.700     0.99861
  9958.800     0.99788
  9958.900     0.99702
  9959.000     0.99581
  9959.100     0.99422
  9959.200     0.99325
  9959.300     0.99399
  9959.400     0.99597
  9959.500     0.99772
  9959.600     0.99860
  9959.700     0.99896
  9959.800     0.99921
  9959.900     0.99940
  9960.000     0.99947
  9960.100     0.99938
  9960.200     0.99891
  9960.300     0.99736
  9960.400     0.99365
  9960.500     0.98790
  9960.600     0.98303
  9960.700     0.98220
  9960.800     0.98401
  9960.900     0.98239
  9961.000     0.97127
  9961.100     0.95018
  9961.200     0.92876
  9961.300     0.92214
  9961.400     0.93572
  9961.500     0.95904
  9961.600     0.97854
  9961.700     0.98959
  9961.800     0.99449
  9961.900     0.99609
  9962.000     0.99558
  9962.100     0.99349
  9962.200     0.99100
  9962.300     0.99012
  9962.400     0.99193
  9962.500     0.99513
  9962.600     0.99761
  9962.700     0.99859
  9962.800     0.99852
  9962.900     0.99823
  9963.000     0.99830
  9963.100     0.99875
  9963.200     0.99923
  9963.300     0.99937
  9963.400     0.99876
  9963.500     0.99685
  9963.600     0.99377
  9963.700     0.99127
  9963.800     0.99146
  9963.900     0.99412
  9964.000     0.99676
  9964.100     0.99672
  9964.200     0.99147
  9964.300     0.97925
  9964.400     0.96347
  9964.500     0.95333
  9964.600     0.95339
  9964.700     0.95693
  9964.800     0.95632
  9964.900     0.95352
  9965.000     0.95595
  9965.100     0.96671
  9965.200     0.98103
  9965.300     0.99206
  9965.400     0.99756
  9965.500     0.99939
  9965.600     0.99982
  9965.700     0.99989
  9965.800     0.99990
  9965.900     0.99988
  9966.000     0.99980
  9966.100     0.99958
  9966.200     0.99914
  9966.300     0.99862
  9966.400     0.99829
  9966.500     0.99813
  9966.600     0.99726
  9966.700     0.99315
  9966.800     0.98248
  9966.900     0.96610
  9967.000     0.95253
  9967.100     0.95032
  9967.200     0.95817
  9967.300     0.96946
  9967.400     0.98065
  9967.500     0.99007
  9967.600     0.99609
  9967.700     0.99877
  9967.800     0.99953
  9967.900     0.99948
  9968.000     0.99900
  9968.100     0.99839
  9968.200     0.99808
  9968.300     0.99832
  9968.400     0.99888
  9968.500     0.99934
  9968.600     0.99944
  9968.700     0.99899
  9968.800     0.99753
  9968.900     0.99460
  9969.000     0.99070
  9969.100     0.98808
  9969.200     0.98881
  9969.300     0.99228
  9969.400     0.99593
  9969.500     0.99809
  9969.600     0.99871
  9969.700     0.99831
  9969.800     0.99712
  9969.900     0.99476
  9970.000     0.99019
  9970.100     0.98367
  9970.200     0.97892
  9970.300     0.98026
  9970.400     0.98683
  9970.500     0.99354
  9970.600     0.99729
  9970.700     0.99862
  9970.800     0.99894
  9970.900     0.99867
  9971.000     0.99756
  9971.100     0.99552
  9971.200     0.99348
  9971.300     0.99300
  9971.400     0.99454
  9971.500     0.99675
  9971.600     0.99825
  9971.700     0.99884
  9971.800     0.99880
  9971.900     0.99781
  9972.000     0.99491
  9972.100     0.98980
  9972.200     0.98491
  9972.300     0.98421
  9972.400     0.98846
  9972.500     0.99409
  9972.600     0.99775
  9972.700     0.99900
  9972.800     0.99862
  9972.900     0.99617
  9973.000     0.98914
  9973.100     0.97584
  9973.200     0.96133
  9973.300     0.95653
  9973.400     0.96580
  9973.500     0.98103
  9973.600     0.99234
  9973.700     0.99738
  9973.800     0.99877
  9973.900     0.99902
  9974.000     0.99904
  9974.100     0.99834
  9974.200     0.99477
  9974.300     0.98454
  9974.400     0.96644
  9974.500     0.94862
  9974.600     0.94495
  9974.700     0.95879
  9974.800     0.97822
  9974.900     0.99130
  9975.000     0.99641
  9975.100     0.99749
  9975.200     0.99740
  9975.300     0.99690
  9975.400     0.99551
  9975.500     0.99103
  9975.600     0.98031
  9975.700     0.96493
  9975.800     0.95486
  9975.900     0.95897
  9976.000     0.97266
  9976.100     0.98283
  9976.200     0.98204
  9976.300     0.97365
  9976.400     0.96658
  9976.500     0.96594
  9976.600     0.97008
  9976.700     0.97655
  9976.800     0.98451
  9976.900     0.99193
  9977.000     0.99660
  9977.100     0.99833
  9977.200     0.99764
  9977.300     0.99339
  9977.400     0.98294
  9977.500     0.96672
  9977.600     0.95302
  9977.700     0.95193
  9977.800     0.96272
  9977.900     0.97460
  9978.000     0.97955
  9978.100     0.97849
  9978.200     0.97660
  9978.300     0.97783
  9978.400     0.98307
  9978.500     0.99010
  9978.600     0.99569
  9978.700     0.99857
  9978.800     0.99953
  9978.900     0.99969
  9979.000     0.99962
  9979.100     0.99958
  9979.200     0.99964
  9979.300     0.99974
  9979.400     0.99980
  9979.500     0.99980
  9979.600     0.99972
  9979.700     0.99954
  9979.800     0.99914
  9979.900     0.99819
  9980.000     0.99548
  9980.100     0.98771
  9980.200     0.97015
  9980.300     0.94334
  9980.400     0.92067
  9980.500     0.92006
  9980.600     0.94265
  9980.700     0.97060
  9980.800     0.98876
  9980.900     0.99586
  9981.000     0.99652
  9981.100     0.99395
  9981.200     0.99068
  9981.300     0.98961
  9981.400     0.99168
  9981.500     0.99449
  9981.600     0.99428
  9981.700     0.98714
  9981.800     0.97094
  9981.900     0.95134
  9982.000     0.94224
  9982.100     0.95119
  9982.200     0.96962
  9982.300     0.98476
  9982.400     0.99285
  9982.500     0.99648
  9982.600     0.99804
  9982.700     0.99816
  9982.800     0.99637
  9982.900     0.99125
  9983.000     0.98215
  9983.100     0.97242
  9983.200     0.96882
  9983.300     0.97438
  9983.400     0.98449
  9983.500     0.99269
  9983.600     0.99663
  9983.700     0.99721
  9983.800     0.99588
  9983.900     0.99416
  9984.000     0.99320
  9984.100     0.99219
  9984.200     0.98904
  9984.300     0.98437
  9984.400     0.98246
  9984.500     0.98589
  9984.600     0.99196
  9984.700     0.99657
  9984.800     0.99857
  9984.900     0.99900
  9985.000     0.99889
  9985.100     0.99862
  9985.200     0.99839
  9985.300     0.99839
  9985.400     0.99864
  9985.500     0.99894
  9985.600     0.99910
  9985.700     0.99904
  9985.800     0.99871
  9985.900     0.99768
  9986.000     0.99423
  9986.100     0.98397
  9986.200     0.96110
  9986.300     0.92699
  9986.400     0.89804
  9986.500     0.89369
  9986.600     0.91298
  9986.700     0.93661
  9986.800     0.95283
  9986.900     0.96539
  9987.000     0.97838
  9987.100     0.98911
  9987.200     0.99495
  9987.300     0.99675
  9987.400     0.99596
  9987.500     0.99328
  9987.600     0.98935
  9987.700     0.98469
  9987.800     0.97970
  9987.900     0.97574
  9988.000     0.97484
  9988.100     0.97833
  9988.200     0.98531
  9988.300     0.99249
  9988.400     0.99710
  9988.500     0.99903
  9988.600     0.99958
  9988.700     0.99971
  9988.800     0.99974
  9988.900     0.99968
  9989.000     0.99945
  9989.100     0.99876
  9989.200     0.99730
  9989.300     0.99528
  9989.400     0.99380
  9989.500     0.99384
  9989.600     0.99497
  9989.700     0.99619
  9989.800     0.99716
  9989.900     0.99784
  9990.000     0.99828
  9990.100     0.99866
  9990.200     0.99909
  9990.300     0.99947
  9990.400     0.99966
  9990.500     0.99968
  9990.600     0.99958
  9990.700     0.99942
  9990.800     0.99918
  9990.900     0.99856
  9991.000     0.99711
  9991.100     0.99486
  9991.200     0.99245
  9991.300     0.98972
  9991.400     0.98577
  9991.500     0.98192
  9991.600     0.98179
  9991.700     0.98623
  9991.800     0.99197
  9991.900     0.99600
  9992.000     0.99800
  9992.100     0.99877
  9992.200     0.99877
  9992.300     0.99779
  9992.400     0.99490
  9992.500     0.98947
  9992.600     0.98307
  9992.700     0.97853
  9992.800     0.97417
  9992.900     0.96089
  9993.000     0.93153
  9993.100     0.89556
  9993.200     0.87743
  9993.300     0.89087
  9993.400     0.92088
  9993.500     0.94208
  9993.600     0.94782
  9993.700     0.95133
  9993.800     0.96318
  9993.900     0.97904
  9994.000     0.99002
  9994.100     0.99364
  9994.200     0.99252
  9994.300     0.99017
  9994.400     0.98918
  9994.500     0.98986
  9994.600     0.99045
  9994.700     0.98949
  9994.800     0.98546
  9994.900     0.97609
  9995.000     0.96361
  9995.100     0.95764
  9995.200     0.96478
  9995.300     0.97935
  9995.400     0.99127
  9995.500     0.99698
  9995.600     0.99839
  9995.700     0.99725
  9995.800     0.99328
  9995.900     0.98643
  9996.000     0.97994
  9996.100     0.97885
  9996.200     0.98415
  9996.300     0.99136
  9996.400     0.99630
  9996.500     0.99841
  9996.600     0.99897
  9996.700     0.99902
  9996.800     0.99900
  9996.900     0.99881
  9997.000     0.99797
  9997.100     0.99582
  9997.200     0.99213
  9997.300     0.98747
  9997.400     0.98246
  9997.500     0.97756
  9997.600     0.97298
  9997.700     0.96592
  9997.800     0.95265
  9997.900     0.93903
  9998.000     0.93919
  9998.100     0.95626
  9998.200     0.97733
  9998.300     0.99066
  9998.400     0.99521
  9998.500     0.99395
  9998.600     0.98791
  9998.700     0.97864
  9998.800     0.97193
  9998.900     0.97372
  9999.000     0.98267
  9999.100     0.99189
  9999.200     0.99711
  9999.300     0.99873
  9999.400     0.99825
  9999.500     0.99610
  9999.600     0.99172
  9999.700     0.98434
  9999.800     0.97534
  9999.900     0.97014
 10000.000     0.97361
 10000.100     0.98330
 10000.200     0.99228
 10000.300     0.99675
 10000.400     0.99688
 10000.500     0.99360
 10000.600     0.98848
 10000.700     0.98473
 10000.800     0.98396
 10000.900     0.98184
 10001.000     0.97161
 10001.100     0.95455
 10001.200     0.94340
 10001.300     0.94900
 10001.400     0.96681
 10001.500     0.98396
 10001.600     0.99367
 10001.700     0.99717
 10001.800     0.99760
 10001.900     0.99668
 10002.000     0.99443
 10002.100     0.98856
 10002.200     0.97596
 10002.300     0.95898
 10002.400     0.94861
 10002.500     0.95398
 10002.600     0.97008
 10002.700     0.98295
 10002.800     0.98230
 10002.900     0.96662
 10003.000     0.94576
 10003.100     0.93760
 10003.200     0.95037
 10003.300     0.97271
 10003.400     0.98950
 10003.500     0.99703
 10003.600     0.99921
 10003.700     0.99954
 10003.800     0.99932
 10003.900     0.99876
 10004.000     0.99740
 10004.100     0.99392
 10004.200     0.98755
 10004.300     0.98080
 10004.400     0.97889
 10004.500     0.98372
 10004.600     0.99114
 10004.700     0.99638
 10004.800     0.99843
 10004.900     0.99875
 10005.000     0.99873
 10005.100     0.99894
 10005.200     0.99919
 10005.300     0.99899
 10005.400     0.99791
 10005.500     0.99604
 10005.600     0.99443
 10005.700     0.99437
 10005.800     0.99595
 10005.900     0.99788
 10006.000     0.99914
 10006.100     0.99963
 10006.200     0.99962
 10006.300     0.99924
 10006.400     0.99848
 10006.500     0.99709
 10006.600     0.99437
 10006.700     0.99008
 10006.800     0.98618
 10006.900     0.98560
 10007.000     0.98808
 10007.100     0.99008
 10007.200     0.99002
 10007.300     0.99023
 10007.400     0.99268
 10007.500     0.99610
 10007.600     0.99845
 10007.700     0.99934
 10007.800     0.99941
 10007.900     0.99925
 10008.000     0.99904
 10008.100     0.99849
 10008.200     0.99615
 10008.300     0.98843
 10008.400     0.97171
 10008.500     0.94853
 10008.600     0.92945
 10008.700     0.92379
 10008.800     0.93150
 10008.900     0.94526
 10009.000     0.95644
 10009.100     0.96282
 10009.200     0.96973
 10009.300     0.98013
 10009.400     0.99005
 10009.500     0.99551
 10009.600     0.99700
 10009.700     0.99667
 10009.800     0.99502
 10009.900     0.99130
 10010.000     0.98658
 10010.100     0.98454
 10010.200     0.98736
 10010.300     0.99265
 10010.400     0.99682
 10010.500     0.99876
 10010.600     0.99917
 10010.700     0.99861
 10010.800     0.99703
 10010.900     0.99435
 10011.000     0.99149
 10011.100     0.99048
 10011.200     0.99199
 10011.300     0.99338
 10011.400     0.98958
 10011.500     0.97649
 10011.600     0.95671
 10011.700     0.94271
 10011.800     0.94604
 10011.900     0.96280
 10012.000     0.97931
 10012.100     0.98879
 10012.200     0.99349
 10012.300     0.99643
 10012.400     0.99830
 10012.500     0.99923
 10012.600     0.99963
 10012.700     0.99980
 10012.800     0.99986
 10012.900     0.99986
 10013.000     0.99982
 10013.100     0.99980
 10013.200     0.99981
 10013.300     0.99981
 10013.400     0.99973
 10013.500     0.99943
 10013.600     0.99877
 10013.700     0.99783
 10013.800     0.99708
 10013.900     0.99706
 10014.000     0.99777
 10014.100     0.99864
 10014.200     0.99920
 10014.300     0.99939
 10014.400     0.99914
 10014.500     0.99801
 10014.600     0.99562
 10014.700     0.99282
 10014.800     0.99173
 10014.900     0.99335
 10015.000     0.99613
 10015.100     0.99800
 10015.200     0.99828
 10015.300     0.99712
 10015.400     0.99429
 10015.500     0.98988
 10015.600     0.98616
 10015.700     0.98624
 10015.800     0.99020
 10015.900     0.99489
 10016.000     0.99785
 10016.100     0.99904
 10016.200     0.99941
 10016.300     0.99946
 10016.400     0.99911
 10016.500     0.99826
 10016.600     0.99724
 10016.700     0.99671
 10016.800     0.99691
 10016.900     0.99719
 10017.000     0.99631
 10017.100     0.99202
 10017.200     0.98184
 10017.300     0.96800
 10017.400     0.95985
 10017.500     0.96477
 10017.600     0.97835
 10017.700     0.99048
 10017.800     0.99650
 10017.900     0.99782
 10018.000     0.99713
 10018.100     0.99631
 10018.200     0.99637
 10018.300     0.99716
 10018.400     0.99764
 10018.500     0.99641
 10018.600     0.99240
 10018.700     0.98645
 10018.800     0.98224
 10018.900     0.98291
 10019.000     0.98709
 10019.100     0.99117
 10019.200     0.99356
 10019.300     0.99474
 10019.400     0.99469
 10019.500     0.99179
 10019.600     0.98439
 10019.700     0.97451
 10019.800     0.96809
 10019.900     0.96862
 10020.000     0.97369
 10020.100     0.98020
 10020.200     0.98716
 10020.300     0.99313
 10020.400     0.99621
 10020.500     0.99508
 10020.600     0.98806
 10020.700     0.97454
 10020.800     0.95956
 10020.900     0.95249
 10021.000     0.95719
 10021.100     0.96873
 10021.200     0.98070
 10021.300     0.98928
 10021.400     0.99206
 10021.500     0.98766
 10021.600     0.97779
 10021.700     0.96894
 10021.800     0.96850
 10021.900     0.97675
 10022.000     0.98671
 10022.100     0.99295
 10022.200     0.99572
 10022.300     0.99727
 10022.400     0.99851
 10022.500     0.99933
 10022.600     0.99969
 10022.700     0.99973
 10022.800     0.99952
 10022.900     0.99908
 10023.000     0.99856
 10023.100     0.99828
 10023.200     0.99808
 10023.300     0.99696
 10023.400     0.99377
 10023.500     0.98909
 10023.600     0.98609
 10023.700     0.98748
 10023.800     0.99208
 10023.900     0.99643
 10024.000     0.99879
 10024.100     0.99960
 10024.200     0.99967
 10024.300     0.99940
 10024.400     0.99894
 10024.500     0.99858
 10024.600     0.99855
 10024.700     0.99858
 10024.800     0.99808
 10024.900     0.99677
 10025.000     0.99511
 10025.100     0.99387
 10025.200     0.99331
 10025.300     0.99319
 10025.400     0.99262
 10025.500     0.99001
 10025.600     0.98492
 10025.700     0.97979
 10025.800     0.97706
 10025.900     0.97557
 10026.000     0.97405
 10026.100     0.97547
 10026.200     0.98211
 10026.300     0.99056
 10026.400     0.99626
 10026.500     0.99841
 10026.600     0.99861
 10026.700     0.99832
 10026.800     0.99827
 10026.900     0.99854
 10027.000     0.99872
 10027.100     0.99798
 10027.200     0.99525
 10027.300     0.99047
 10027.400     0.98623
 10027.500     0.98602
 10027.600     0.98999
 10027.700     0.99469
 10027.800     0.99727
 10027.900     0.99707
 10028.000     0.99336
 10028.100     0.98376
 10028.200     0.96732
 10028.300     0.95036
 10028.400     0.94512
 10028.500     0.95664
 10028.600     0.97563
 10028.700     0.99000
 10028.800     0.99636
 10028.900     0.99778
 10029.000     0.99740
 10029.100     0.99618
 10029.200     0.99250
 10029.300     0.98330
 10029.400     0.96927
 10029.500     0.95899
 10029.600     0.96120
 10029.700     0.97314
 10029.800     0.98464
 10029.900     0.99089
 10030.000     0.99403
 10030.100     0.99640
 10030.200     0.99806
 10030.300     0.99870
 10030.400     0.99870
 10030.500     0.99862
 10030.600     0.99870
 10030.700     0.99882
 10030.800     0.99881
 10030.900     0.99869
 10031.000     0.99857
 10031.100     0.99825
 10031.200     0.99653
 10031.300     0.99124
 10031.400     0.98057
 10031.500     0.96563
 10031.600     0.95141
 10031.700     0.94389
 10031.800     0.94512
 10031.900     0.95280
 10032.000     0.96458
 10032.100     0.97815
 10032.200     0.98946
 10032.300     0.99561
 10032.400     0.99674
 10032.500     0.99401
 10032.600     0.98854
 10032.700     0.98263
 10032.800     0.97977
 10032.900     0.98215
 10033.000     0.98828
 10033.100     0.99429
 10033.200     0.99779
 10033.300     0.99906
 10033.400     0.99930
 10033.500     0.99925
 10033.600     0.99912
 10033.700     0.99899
 10033.800     0.99884
 10033.900     0.99840
 10034.000     0.99674
 10034.100     0.99136
 10034.200     0.97653
 10034.300     0.94778
 10034.400     0.91462
 10034.500     0.90139
 10034.600     0.92034
 10034.700     0.95451
 10034.800     0.98073
 10034.900     0.99307
 10035.000     0.99728
 10035.100     0.99855
 10035.200     0.99869
 10035.300     0.99758
 10035.400     0.99299
 10035.500     0.98142
 10035.600     0.96352
 10035.700     0.94940
 10035.800     0.95064
 10035.900     0.96562
 10036.000     0.98170
 10036.100     0.99034
 10036.200     0.99073
 10036.300     0.98009
 10036.400     0.94950
 10036.500     0.89862
 10036.600     0.85430
 10036.700     0.85305
 10036.800     0.89621
 10036.900     0.94829
 10037.000     0.98131
 10037.100     0.99457
 10037.200     0.99831
 10037.300     0.99911
 10037.400     0.99918
 10037.500     0.99913
 10037.600     0.99914
 10037.700     0.99924
 10037.800     0.99918
 10037.900     0.99849
 10038.000     0.99628
 10038.100     0.99194
 10038.200     0.98697
 10038.300     0.98505
 10038.400     0.98796
 10038.500     0.99309
 10038.600     0.99693
 10038.700     0.99831
 10038.800     0.99737
 10038.900     0.99408
 10039.000     0.98929
 10039.100     0.98535
 10039.200     0.98321
 10039.300     0.98092
 10039.400     0.97804
 10039.500     0.97797
 10039.600     0.98285
 10039.700     0.98974
 10039.800     0.99388
 10039.900     0.99213
 10040.000     0.98314
 10040.100     0.96985
 10040.200     0.96148
 10040.300     0.96557
 10040.400     0.97844
 10040.500     0.99033
 10040.600     0.99645
 10040.700     0.99834
 10040.800     0.99868
 10040.900     0.99862
 10041.000     0.99796
 10041.100     0.99545
 10041.200     0.98858
 10041.300     0.97616
 10041.400     0.96348
 10041.500     0.96054
 10041.600     0.97021
 10041.700     0.98414
 10041.800     0.99370
 10041.900     0.99776
 10042.000     0.99906
 10042.100     0.99951
 10042.200     0.99966
 10042.300     0.99962
 10042.400     0.99945
 10042.500     0.99932
 10042.600     0.99937
 10042.700     0.99955
 10042.800     0.99972
 10042.900     0.99974
 10043.000     0.99943
 10043.100     0.99844
 10043.200     0.99660
 10043.300     0.99460
 10043.400     0.99392
 10043.500     0.99517
 10043.600     0.99724
 10043.700     0.99875
 10043.800     0.99933
 10043.900     0.99927
 10044.000     0.99886
 10044.100     0.99842
 10044.200     0.99823
 10044.300     0.99838
 10044.400     0.99877
 10044.500     0.99921
 10044.600     0.99949
 10044.700     0.99930
 10044.800     0.99783
 10044.900     0.99321
 10045.000     0.98350
 10045.100     0.97081
 10045.200     0.96286
 10045.300     0.96598
 10045.400     0.97726
 10045.500     0.98819
 10045.600     0.99364
 10045.700     0.99401
 10045.800     0.99211
 10045.900     0.99098
 10046.000     0.99173
 10046.100     0.99191
 10046.200     0.98766
 10046.300     0.97876
 10046.400     0.97038
 10046.500     0.96797
 10046.600     0.97178
 10046.700     0.97805
 10046.800     0.98230
 10046.900     0.98236
 10047.000     0.98065
 10047.100     0.98112
 10047.200     0.98420
 10047.300     0.98739
 10047.400     0.98915
 10047.500     0.98966
 10047.600     0.98943
 10047.700     0.98864
 10047.800     0.98732
 10047.900     0.98531
 10048.000     0.98234
 10048.100     0.97827
 10048.200     0.97260
 10048.300     0.96268
 10048.400     0.94461
 10048.500     0.91888
 10048.600     0.89244
 10048.700     0.87311
 10048.800     0.86732
 10048.900     0.87844
 10049.000     0.89921
 10049.100     0.91595
 10049.200     0.92272
 10049.300     0.92309
 10049.400     0.92221
 10049.500     0.92298
 10049.600     0.92697
 10049.700     0.93425
 10049.800     0.94300
 10049.900     0.95079
 10050.000     0.95598
 10050.100     0.95857
 10050.200     0.96071
 10050.300     0.96502
 10050.400     0.97144
 10050.500     0.97752
 10050.600     0.98157
 10050.700     0.98355
 10050.800     0.98373
 10050.900     0.98249
 10051.000     0.98123
 10051.100     0.98190
 10051.200     0.98473
 10051.300     0.98794
 10051.400     0.99009
 10051.500     0.99127
 10051.600     0.99218
 10051.700     0.99338
 10051.800     0.99513
 10051.900     0.99714
 10052.000     0.99869
 10052.100     0.99935
 10052.200     0.99921
 10052.300     0.99857
 10052.400     0.99794
 10052.500     0.99782
 10052.600     0.99833
 10052.700     0.99908
 10052.800     0.99960
 10052.900     0.99975
 10053.000     0.99964
 10053.100     0.99941
 10053.200     0.99926
 10053.300     0.99929
 10053.400     0.99946
 10053.500     0.99966
 10053.600     0.99983
 10053.700     0.99993
 10053.800     0.99996
 10053.900     0.99992
 10054.000     0.99978
 10054.100     0.99952
 10054.200     0.99911
 10054.300     0.99861
 10054.400     0.99815
 10054.500     0.99785
 10054.600     0.99753
 10054.700     0.99621
 10054.800     0.99141
 10054.900     0.98013
 10055.000     0.96290
 10055.100     0.94765
 10055.200     0.94478
 10055.300     0.95635
 10055.400     0.97397
 10055.500     0.98773
 10055.600     0.99353
 10055.700     0.99159
 10055.800     0.98226
 10055.900     0.96649
 10056.000     0.94999
 10056.100     0.94326
 10056.200     0.95239
 10056.300     0.97097
 10056.400     0.98700
 10056.500     0.99503
 10056.600     0.99719
 10056.700     0.99698
 10056.800     0.99527
 10056.900     0.98983
 10057.000     0.97845
 10057.100     0.96467
 10057.200     0.95681
 10057.300     0.95495
 10057.400     0.94431
 10057.500     0.91280
 10057.600     0.87397
 10057.700     0.85999
 10057.800     0.88580
 10057.900     0.93106
 10058.000     0.96513
 10058.100     0.97731
 10058.200     0.97752
 10058.300     0.97897
 10058.400     0.98551
 10058.500     0.99294
 10058.600     0.99744
 10058.700     0.99906
 10058.800     0.99940
 10058.900     0.99944
 10059.000     0.99945
 10059.100     0.99948
 10059.200     0.99952
 10059.300     0.99955
 10059.400     0.99917
 10059.500     0.99691
 10059.600     0.98917
 10059.700     0.97236
 10059.800     0.95084
 10059.900     0.93960
 10060.000     0.94874
 10060.100     0.96974
 10060.200     0.98737
 10060.300     0.99611
 10060.400     0.99893
 10060.500     0.99946
 10060.600     0.99930
 10060.700     0.99895
 10060.800     0.99834
 10060.900     0.99654
 10061.000     0.99196
 10061.100     0.98456
 10061.200     0.97843
 10061.300     0.97868
 10061.400     0.98503
 10061.500     0.99228
 10061.600     0.99666
 10061.700     0.99820
 10061.800     0.99840
 10061.900     0.99845
 10062.000     0.99880
 10062.100     0.99929
 10062.200     0.99959
 10062.300     0.99957
 10062.400     0.99927
 10062.500     0.99881
 10062.600     0.99833
 10062.700     0.99762
 10062.800     0.99581
 10062.900     0.99194
 10063.000     0.98606
 10063.100     0.97801
 10063.200     0.96460
 10063.300     0.94327
 10063.400     0.92145
 10063.500     0.91428
 10063.600     0.92835
 10063.700     0.95366
 10063.800     0.97461
 10063.900     0.98455
 10064.000     0.98746
 10064.100     0.98927
 10064.200     0.99169
 10064.300     0.99326
 10064.400     0.99253
 10064.500     0.98783
 10064.600     0.97382
 10064.700     0.93864
 10064.800     0.87052
 10064.900     0.78018
 10065.000     0.71361
 10065.100     0.71829
 10065.200     0.79073
 10065.300     0.88032
 10065.400     0.94420
 10065.500     0.97593
 10065.600     0.98853
 10065.700     0.99335
 10065.800     0.99549
 10065.900     0.99664
 10066.000     0.99725
 10066.100     0.99717
 10066.200     0.99552
 10066.300     0.99126
 10066.400     0.98539
 10066.500     0.98206
 10066.600     0.98428
 10066.700     0.98958
 10066.800     0.99328
 10066.900     0.99404
 10067.000     0.99395
 10067.100     0.99492
 10067.200     0.99669
 10067.300     0.99809
 10067.400     0.99863
 10067.500     0.99822
 10067.600     0.99626
 10067.700     0.99207
 10067.800     0.98663
 10067.900     0.98252
 10068.000     0.97969
 10068.100     0.97372
 10068.200     0.96300
 10068.300     0.95494
 10068.400     0.95835
 10068.500     0.97167
 10068.600     0.98542
 10068.700     0.99293
 10068.800     0.99308
 10068.900     0.98705
 10069.000     0.97850
 10069.100     0.97427
 10069.200     0.97841
 10069.300     0.98728
 10069.400     0.99448
 10069.500     0.99753
 10069.600     0.99720
 10069.700     0.99488
 10069.800     0.99236
 10069.900     0.99174
 10070.000     0.99351
 10070.100     0.99582
 10070.200     0.99660
 10070.300     0.99507
 10070.400     0.99213
 10070.500     0.99006
 10070.600     0.99027
 10070.700     0.99099
 10070.800     0.98977
 10070.900     0.98759
 10071.000     0.98776
 10071.100     0.99109
 10071.200     0.99516
 10071.300     0.99774
 10071.400     0.99861
 10071.500     0.99846
 10071.600     0.99793
 10071.700     0.99750
 10071.800     0.99747
 10071.900     0.99789
 10072.000     0.99856
 10072.100     0.99921
 10072.200     0.99967
 10072.300     0.99990
 10072.400     0.99998
 10072.500     1.00000
 10072.600     1.00000
 10072.700     1.00000
 10072.800     1.00000
 10072.900     1.00000
 10073.000     1.00000
 10073.100     1.00000
 10073.200     1.00000
 10073.300     0.99999
 10073.400     0.99996
 10073.500     0.99986
 10073.600     0.99956
 10073.700     0.99862
 10073.800     0.99614
 10073.900     0.99152
 10074.000     0.98650
 10074.100     0.98483
 10074.200     0.98803
 10074.300     0.99329
 10074.400     0.99715
 10074.500     0.99871
 10074.600     0.99851
 10074.700     0.99647
 10074.800     0.99204
 10074.900     0.98638
 10075.000     0.98314
 10075.100     0.98504
 10075.200     0.99043
 10075.300     0.99538
 10075.400     0.99784
 10075.500     0.99820
 10075.600     0.99777
 10075.700     0.99749
 10075.800     0.99754
 10075.900     0.99762
 10076.000     0.99723
 10076.100     0.99603
 10076.200     0.99451
 10076.300     0.99381
 10076.400     0.99392
 10076.500     0.99234
 10076.600     0.98554
 10076.700     0.97324
 10076.800     0.96155
 10076.900     0.95753
 10077.000     0.96003
 10077.100     0.96350
 10077.200     0.96829
 10077.300     0.97728
 10077.400     0.98774
 10077.500     0.99485
 10077.600     0.99771
 10077.700     0.99835
 10077.800     0.99858
 10077.900     0.99897
 10078.000     0.99938
 10078.100     0.99953
 10078.200     0.99905
 10078.300     0.99650
 10078.400     0.98819
 10078.500     0.97050
 10078.600     0.94752
 10078.700     0.93195
 10078.800     0.92951
 10078.900     0.93182
 10079.000     0.93462
 10079.100     0.94503
 10079.200     0.96441
 10079.300     0.98312
 10079.400     0.99398
 10079.500     0.99813
 10079.600     0.99933
 10079.700     0.99964
 10079.800     0.99954
 10079.900     0.99855
 10080.000     0.99475
 10080.100     0.98489
 10080.200     0.96875
 10080.300     0.95464
 10080.400     0.95409
 10080.500     0.96761
 10080.600     0.98388
 10080.700     0.99376
 10080.800     0.99676
 10080.900     0.99587
 10081.000     0.99269
 10081.100     0.98559
 10081.200     0.97189
 10081.300     0.95542
 10081.400     0.94869
 10081.500     0.95879
 10081.600     0.97707
 10081.700     0.99099
 10081.800     0.99706
 10081.900     0.99816
 10082.000     0.99670
 10082.100     0.99314
 10082.200     0.98798
 10082.300     0.98348
 10082.400     0.98210
 10082.500     0.98385
 10082.600     0.98721
 10082.700     0.99114
 10082.800     0.99418
 10082.900     0.99410
 10083.000     0.98992
 10083.100     0.98429
 10083.200     0.98237
 10083.300     0.98626
 10083.400     0.99254
 10083.500     0.99707
 10083.600     0.99898
 10083.700     0.99936
 10083.800     0.99910
 10083.900     0.99807
 10084.000     0.99476
 10084.100     0.98564
 10084.200     0.96790
 10084.300     0.94654
 10084.400     0.93587
 10084.500     0.94510
 10084.600     0.96549
 10084.700     0.97964
 10084.800     0.97763
 10084.900     0.96157
 10085.000     0.94351
 10085.100     0.93639
 10085.200     0.94066
 10085.300     0.94752
 10085.400     0.95525
 10085.500     0.96774
 10085.600     0.98239
 10085.700     0.99265
 10085.800     0.99615
 10085.900     0.99330
 10086.000     0.98333
 10086.100     0.96761
 10086.200     0.95522
 10086.300     0.95665
 10086.400     0.97050
 10086.500     0.98521
 10086.600     0.99329
 10086.700     0.99590
 10086.800     0.99659
 10086.900     0.99670
 10087.000     0.99509
 10087.100     0.98911
 10087.200     0.97758
 10087.300     0.96510
 10087.400     0.96000
 10087.500     0.96522
 10087.600     0.97592
 10087.700     0.98628
 10087.800     0.99355
 10087.900     0.99729
 10088.000     0.99830
 10088.100     0.99792
 10088.200     0.99738
 10088.300     0.99747
 10088.400     0.99821
 10088.500     0.99906
 10088.600     0.99957
 10088.700     0.99961
 10088.800     0.99901
 10088.900     0.99730
 10089.000     0.99457
 10089.100     0.99225
 10089.200     0.99202
 10089.300     0.99312
 10089.400     0.99160
 10089.500     0.98270
 10089.600     0.96600
 10089.700     0.95023
 10089.800     0.94819
 10089.900     0.96193
 10090.000     0.98019
 10090.100     0.99248
 10090.200     0.99764
 10090.300     0.99911
 10090.400     0.99945
 10090.500     0.99958
 10090.600     0.99969
 10090.700     0.99972
 10090.800     0.99966
 10090.900     0.99949
 10091.000     0.99927
 10091.100     0.99899
 10091.200     0.99809
 10091.300     0.99455
 10091.400     0.98510
 10091.500     0.96964
 10091.600     0.95633
 10091.700     0.95603
 10091.800     0.96875
 10091.900     0.98360
 10092.000     0.99231
 10092.100     0.99521
 10092.200     0.99584
 10092.300     0.99591
 10092.400     0.99474
 10092.500     0.99135
 10092.600     0.98697
 10092.700     0.98510
 10092.800     0.98755
 10092.900     0.99202
 10093.000     0.99476
 10093.100     0.99343
 10093.200     0.98721
 10093.300     0.97733
 10093.400     0.96811
 10093.500     0.96542
 10093.600     0.97167
 10093.700     0.98278
 10093.800     0.99225
 10093.900     0.99724
 10094.000     0.99882
 10094.100     0.99885
 10094.200     0.99849
 10094.300     0.99841
 10094.400     0.99880
 10094.500     0.99932
 10094.600     0.99966
 10094.700     0.99981
 10094.800     0.99985
 10094.900     0.99978
 10095.000     0.99928
 10095.100     0.99749
 10095.200     0.99337
 10095.300     0.98759
 10095.400     0.98382
 10095.500     0.98531
 10095.600     0.99069
 10095.700     0.99585
 10095.800     0.99869
 10095.900     0.99970
 10096.000     0.99994
 10096.100     0.99998
 10096.200     0.99995
 10096.300     0.99986
 10096.400     0.99955
 10096.500     0.99848
 10096.600     0.99578
 10096.700     0.99128
 10096.800     0.98711
 10096.900     0.98658
 10097.000     0.99022
 10097.100     0.99498
 10097.200     0.99808
 10097.300     0.99921
 10097.400     0.99928
 10097.500     0.99890
 10097.600     0.99805
 10097.700     0.99641
 10097.800     0.99424
 10097.900     0.99290
 10098.000     0.99353
 10098.100     0.99527
 10098.200     0.99600
 10098.300     0.99464
 10098.400     0.99222
 10098.500     0.99094
 10098.600     0.99203
 10098.700     0.99462
 10098.800     0.99694
 10098.900     0.99799
 10099.000     0.99771
 10099.100     0.99682
 10099.200     0.99642
 10099.300     0.99708
 10099.400     0.99829
 10099.500     0.99924
 10099.600     1.00000
 10099.700     1.00000
 10099.800     1.00000
 10099.900     1.00000
 10100.000     1.00000
